    1    0.184080
    2    0.394693
    3    0.258085
    4    0.298960
    5    0.718076
    6    0.541523
    7    0.946695
    8    0.751741
    9    0.980100
   10    0.900205
   11    0.906183
   12    0.674355
   13    0.969154
   14    0.355948
   15    0.742360
   16    0.893261
   17    0.966983
   18    0.944030
   19    0.871357
   20    0.964108
   21    0.965174
   22    0.648632
   23    0.983265
   24    0.866224
   25    0.908789
   26    0.578019
   27    0.945274
   28    0.869225
   29    0.510779
   30    0.501066
   31    0.641791
   32    0.629709
   33    0.768657
   34    0.697015
   35    0.918137
   36    0.952239
   37    0.835821
   38    0.828714
   39    0.868436
   40    0.990050
   41    0.532338
   42    0.398010
   43    0.987977
   44    0.603096
   45    0.540630
   46    0.999171
   47    0.932338
   48    0.912935
   49    0.865672
   50    0.956645
   51    0.972637
   52    0.708955
   53    0.728027
   54    0.522388
   55    0.573245
   56    0.858564
   57    0.872305
   58    0.862227
   59    0.986605
   60    0.931059
   61    0.926202
   62    0.848614
   63    0.860697
   64    0.983298
   65    0.743555
   66    0.518076
   67    0.993367
   68    0.814428
   69    0.809287
   70    0.917910
   71    0.924662
   72    0.597015
   73    0.844113
   74    0.603980
   75    0.990502
   76    0.975124
   77    0.784826
   78    0.483085
   79    0.755836
   80    0.947406
   81    0.904367
   82    0.848756
   83    0.653400
   84    1.000000
   85    0.837811
   86    0.871200
   87    0.894527
   88    0.677446
   89    0.920398
   90    0.794663
   91    0.730633
   92    0.717413
   93    0.871144
   94    0.915423
   95    0.707090
   96    0.826253
   97    0.859275
   98    0.690879
   99    0.637401
  100    0.431343
  101    0.379104
  102    0.691542
  103    0.956128
  104    0.868290
  105    0.917910
  106    0.964296
  107    0.812935
  108    0.984142
  109    0.964179
  110    0.977923
  111    0.783975
  112    0.901919
  113    0.948827
  114    0.996173
  115    0.934080
  116    0.936982
  117    0.949183
  118    0.946932
  119    0.853234
  120    0.592040
  121    0.890050
  122    0.816418
  123    0.612935
  124    0.631841
  125    0.740583
  126    0.935776
  127    0.682303
  128    1.000000
  129    0.840010
  130    0.941957
  131    0.662244
  132    0.810945
  133    0.838308
  134    0.791045
  135    0.708764
  136    0.818408
  137    0.686567
  138    0.562189
  139    0.904478
  140    0.495025
  141    0.952736
  142    0.671642
  143    0.997512
  144    0.944776
  145    0.881049
  146    0.792703
  147    0.773798
  148    0.978441
  149    0.921331
  150    0.883706
  151    0.980100
  152    0.762852
  153    0.547716
  154    0.780473
  155    0.512438
  156    0.883085
  157    0.921755
  158    0.987873
  159    0.988806
  160    0.903296
  161    0.994642
  162    0.813156
  163    0.829353
  164    0.923564
  165    0.860075
  166    0.825871
  167    0.839552
  168    0.822044
  169    0.822001
  170    0.679934
  171    0.548794
  172    0.699834
  173    0.330846
  174    0.539446
  175    0.552239
  176    0.756219
  177    0.786692
  178    0.451631
  179    0.363184
  180    0.630597
  181    0.931343
  182    0.905970
  183    0.890236
  184    0.941957
  185    0.996683
  186    0.804726
  187    0.986733
  188    0.981630
  189    0.934826
  190    0.985785
  191    0.903607
  192    0.992729
  193    0.946103
  194    0.755071
  195    0.840133
  196    0.929104
  197    1.000000
  198    0.905887
  199    0.986733
  200    0.385572
  201    0.579247
  202    0.644776
  203    0.743927
  204    0.760483
  205    0.673300
  206    0.983416
  207    0.624378
  208    1.000000
  209    0.970860
  210    0.653123
  211    1.000000
  212    0.849325
  213    0.901990
  214    0.753731
  215    0.993035
  216    1.000000
  217    0.997868
  218    0.825871
  219    0.865672
  220    0.991708
  221    0.893311
  222    0.966531
  223    0.987562
  224    0.901961
  225    0.940299
  226    0.918221
  227    0.805259
  228    0.957711
  229    0.770762
  230    0.609950
  231    0.642289
  232    0.894590
  233    0.566260
  234    0.700249
  235    0.839891
  236    0.779436
  237    0.990050
  238    0.701493
  239    0.665008
  240    0.978234
  241    0.996020
  242    1.000000
  243    0.956882
  244    0.982090
  245    0.812935
  246    0.881703
  247    0.973703
  248    0.994527
  249    0.903607
  250    0.999171
  251    0.756841
  252    0.560531
  253    0.991045
  254    0.930348
  255    0.964760
  256    0.736904
  257    0.905473
  258    0.878607
  259    0.916667
  260    0.908789
  261    0.948072
  262    0.983544
  263    0.955224
  264    0.940681
  265    0.940713
  266    0.973881
  267    0.930017
  268    0.980100
  269    0.769012
  270    0.830017
  271    0.483831
  272    0.760811
  273    0.880597
  274    0.747512
  275    0.657099
  276    0.941404
  277    0.906716
  278    0.968491
  279    0.998223
  280    0.996938
  281    0.921755
  282    0.477612
  283    0.970602
  284    0.895522
  285    0.968618
  286    0.825871
  287    0.719527
  288    0.616418
  289    0.771766
  290    0.867848
  291    0.826493
  292    0.793758
  293    0.960199
  294    0.751244
  295    0.422886
  296    0.922609
  297    0.638593
  298    0.567828
  299    0.845186
  300    0.788331
  301    0.855721
  302    0.945274
  303    0.941542
  304    0.909300
  305    0.829602
  306    0.747690
  307    0.832377
  308    0.710991
  309    0.712438
  310    0.612769
  311    0.732338
  312    0.761194
  313    0.554229
  314    0.764925
  315    0.779851
  316    0.863184
  317    0.827292
  318    0.622601
  319    0.991708
  320    0.971476
  321    0.678483
  322    0.998010
  323    0.955224
  324    0.964179
  325    0.650912
  326    0.975746
  327    0.865672
  328    0.515091
  329    0.808292
  330    0.842327
  331    0.930970
  332    0.786070
  333    0.653272
  334    0.622601
  335    0.511081
  336    0.801900
  337    0.447208
  338    0.719261
  339    0.757390
  340    0.874793
  341    0.859867
  342    0.819991
  343    0.971808
  344    0.641791
  345    0.868436
  346    0.900950
  347    0.953092
  348    0.851741
  349    0.921642
  350    0.837065
  351    0.781647
  352    0.694527
  353    0.684909
  354    0.520730
  355    0.911692
  356    0.995025
  357    0.871752
  358    0.830846
  359    0.719403
  360    0.878607
  361    0.972471
  362    0.958778
  363    0.856827
  364    0.910448
  365    0.794598
  366    0.998342
  367    0.609038
  368    0.835821
  369    0.549751
  370    0.426202
