    1    0.220100
    2    0.271583
    3    0.130348
    4    0.217662
    5    0.674485
    6    0.692447
    7    0.897299
    8    0.838082
    9    0.978441
   10    0.896517
   11    0.945274
   12    0.733333
   13    0.809287
   14    0.452736
   15    0.958541
   16    0.960697
   17    0.955224
   18    0.995025
   19    0.948827
   20    0.983544
   21    0.975954
   22    0.614428
   23    0.979195
   24    0.878109
   25    0.958541
   26    0.652239
   27    0.880952
   28    0.860697
   29    0.514925
   30    0.771144
   31    0.654229
   32    0.410803
   33    0.660161
   34    0.731343
   35    0.969245
   36    0.871642
   37    0.732836
   38    0.663350
   39    0.968728
   40    0.993035
   41    0.524876
   42    0.475480
   43    0.986733
   44    0.657338
   45    0.767413
   46    0.860697
   47    0.866027
   48    0.944030
   49    0.827114
   50    0.927861
   51    0.829740
   52    0.871642
   53    0.546269
   54    0.528856
   55    0.351244
   56    0.799751
   57    0.854616
   58    0.698859
   59    0.899732
   60    0.962687
   61    0.923325
   62    0.858209
   63    0.889837
   64    0.980100
   65    0.624569
   66    0.725871
   67    0.910155
   68    0.853731
   69    0.970149
   70    0.999548
   71    0.842040
   72    0.474129
   73    0.922056
   74    0.750000
   75    0.996834
   76    0.967662
   77    0.800373
   78    0.422388
   79    0.748182
   80    0.782516
   81    0.904920
   82    0.650083
   83    0.615257
   84    1.000000
   85    0.907463
   86    0.905473
   87    0.993781
   88    0.726820
   89    0.960199
   90    0.643346
   91    0.714286
   92    0.646766
   93    0.918408
   94    0.919250
   95    0.665174
   96    0.746269
   97    0.916954
   98    0.709121
   99    0.699834
  100    0.466556
  101    0.425871
  102    0.664534
  103    0.960651
  104    0.855198
  105    0.927182
  106    0.895784
  107    0.892324
  108    0.992848
  109    0.880145
  110    0.963126
  111    0.874516
  112    0.949834
  113    0.957711
  114    0.999171
  115    0.928794
  116    0.999645
  117    0.995790
  118    0.998191
  119    0.836650
  120    0.768657
  121    0.938640
  122    0.835323
  123    0.506633
  124    0.642786
  125    0.950249
  126    0.980100
  127    0.839138
  128    0.897181
  129    0.863184
  130    0.932007
  131    0.685945
  132    0.824449
  133    0.663184
  134    0.551244
  135    0.750096
  136    0.890095
  137    0.535181
  138    0.550580
  139    0.793532
  140    0.621891
  141    0.997512
  142    0.399431
  143    0.855721
  144    0.859340
  145    0.913614
  146    0.812093
  147    0.802985
  148    0.964409
  149    0.939588
  150    0.882808
  151    0.975835
  152    0.857933
  153    0.607348
  154    0.822139
  155    0.688098
  156    0.884743
  157    0.878109
  158    0.980431
  159    0.921642
  160    0.921464
  161    0.992729
  162    0.957356
  163    1.000000
  164    0.900498
  165    0.786070
  166    0.895522
  167    0.800166
  168    0.780028
  169    0.882646
  170    0.752736
  171    0.533486
  172    0.420398
  173    0.153518
  174    0.580431
  175    0.483944
  176    0.780802
  177    0.757324
  178    0.516508
  179    0.307214
  180    0.762852
  181    0.858887
  182    0.904975
  183    0.953566
  184    0.994196
  185    0.903980
  186    0.822139
  187    0.990050
  188    0.958541
  189    0.988944
  190    0.964463
  191    0.871752
  192    0.993111
  193    0.994196
  194    0.702559
  195    0.966322
  196    0.996269
  197    0.886401
  198    0.938226
  199    0.908789
  200    0.542999
  201    0.515547
  202    0.690547
  203    0.746561
  204    0.685945
  205    0.719527
  206    0.818408
  207    0.561478
  208    0.965727
  209    0.983209
  210    0.745203
  211    0.997512
  212    0.825871
  213    0.999502
  214    0.747799
  215    0.979104
  216    0.999171
  217    0.998010
  218    0.860697
  219    0.965174
  220    0.998342
  221    0.803980
  222    0.915837
  223    0.947761
  224    0.855429
  225    0.971808
  226    0.950249
  227    0.985904
  228    0.987207
  229    0.784922
  230    0.710116
  231    0.791045
  232    0.912624
  233    0.752239
  234    0.790423
  235    0.994030
  236    0.822554
  237    1.000000
  238    0.902985
  239    0.694859
  240    0.989339
  241    0.998010
  242    0.945274
  243    0.863184
  244    0.906468
  245    0.854229
  246    0.797678
  247    0.990405
  248    0.916327
  249    1.000000
  250    0.999171
  251    0.620647
  252    0.651741
  253    0.982090
  254    0.883582
  255    0.989221
  256    0.808955
  257    0.999548
  258    0.864487
  259    0.951078
  260    0.912935
  261    0.973134
  262    0.933547
  263    0.952928
  264    0.952162
  265    0.942108
  266    0.893766
  267    0.826182
  268    0.989221
  269    0.622886
  270    0.545002
  271    0.524254
  272    0.807884
  273    0.852957
  274    0.431414
  275    0.631841
  276    0.873134
  277    0.825456
  278    0.673300
  279    0.934660
  280    0.986605
  281    0.874717
  282    0.547264
  283    0.992040
  284    0.882919
  285    0.857498
  286    0.830348
  287    0.707711
  288    0.678275
  289    0.814677
  290    0.885261
  291    0.964552
  292    0.876244
  293    0.970149
  294    0.849088
  295    0.324005
  296    0.932007
  297    0.696517
  298    0.705320
  299    0.836992
  300    0.776502
  301    0.780712
  302    0.958390
  303    0.917232
  304    0.977197
  305    0.956645
  306    0.702914
  307    0.749488
  308    0.629127
  309    0.508706
  310    0.563611
  311    0.530561
  312    0.628109
  313    0.667910
  314    0.565506
  315    0.726368
  316    0.791045
  317    0.641459
  318    0.711443
  319    0.982863
  320    0.982587
  321    0.637749
  322    0.999005
  323    0.998086
  324    0.899593
  325    0.466240
  326    1.000000
  327    0.871891
  328    0.553897
  329    0.807960
  330    0.838308
  331    0.734962
  332    0.748363
  333    0.781924
  334    0.663557
  335    0.554726
  336    0.979547
  337    0.451078
  338    0.636816
  339    0.816542
  340    0.886401
  341    0.833333
  342    0.914870
  343    0.989635
  344    0.647477
  345    0.850746
  346    0.900000
  347    0.939967
  348    0.766621
  349    0.879491
  350    0.920398
  351    0.891653
  352    0.714428
  353    0.721393
  354    0.463397
  355    0.899254
  356    0.955224
  357    0.999378
  358    0.998010
  359    0.794776
  360    0.824514
  361    0.982942
  362    0.965885
  363    0.763958
  364    0.884215
  365    0.815506
  366    0.990050
  367    0.562604
  368    0.856432
  369    0.553660
  370    0.215287
