# time (ns)  #native #non-native
   0.0000    2003.0000       0.0000
   0.0010    1997.0000     106.0000
   0.0020    1992.0000     174.0000
   0.0030    1987.0000     219.0000
   0.0040    1988.0000     242.0000
   0.0050    1988.0000     270.0000
   0.0060    1986.0000     294.0000
   0.0070    1993.0000     309.0000
   0.0080    1989.0000     314.0000
   0.0090    1988.0000     324.0000
   0.0100    1988.0000     334.0000
   0.0110    1986.0000     343.0000
   0.0120    1984.0000     349.0000
   0.0130    1980.0000     351.0000
   0.0140    1980.0000     362.0000
   0.0150    1983.0000     370.0000
   0.0160    1984.0000     378.0000
   0.0170    1984.0000     381.0000
   0.0180    1984.0000     382.0000
   0.0190    1983.0000     389.0000
   0.0200    1984.0000     400.0000
   0.0210    1984.0000     403.0000
   0.0220    1985.0000     408.0000
   0.0230    1985.0000     423.0000
   0.0240    1986.0000     424.0000
   0.0250    1986.0000     430.0000
   0.0260    1985.0000     434.0000
   0.0270    1982.0000     441.0000
   0.0280    1981.0000     446.0000
   0.0290    1981.0000     444.0000
   0.0300    1979.0000     443.0000
   0.0310    1981.0000     441.0000
   0.0320    1984.0000     446.0000
   0.0330    1985.0000     448.0000
   0.0340    1985.0000     457.0000
   0.0350    1983.0000     462.0000
   0.0360    1988.0000     465.0000
   0.0370    1985.0000     460.0000
   0.0380    1984.0000     463.0000
   0.0390    1984.0000     466.0000
   0.0400    1983.0000     470.0000
   0.0410    1984.0000     465.0000
   0.0420    1983.0000     466.0000
   0.0430    1982.0000     465.0000
   0.0440    1983.0000     471.0000
   0.0450    1983.0000     468.0000
   0.0460    1981.0000     476.0000
   0.0470    1982.0000     488.0000
   0.0480    1982.0000     485.0000
   0.0490    1980.0000     492.0000
   0.0500    1981.0000     498.0000
   0.0510    1981.0000     496.0000
   0.0520    1983.0000     503.0000
   0.0530    1983.0000     505.0000
   0.0540    1983.0000     504.0000
   0.0550    1982.0000     501.0000
   0.0560    1982.0000     499.0000
   0.0570    1981.0000     503.0000
   0.0580    1978.0000     503.0000
   0.0590    1977.0000     500.0000
   0.0600    1976.0000     500.0000
   0.0610    1975.0000     501.0000
   0.0620    1976.0000     501.0000
   0.0630    1974.0000     505.0000
   0.0640    1975.0000     511.0000
   0.0650    1976.0000     515.0000
   0.0660    1974.0000     512.0000
   0.0670    1975.0000     516.0000
   0.0680    1975.0000     512.0000
   0.0690    1973.0000     515.0000
   0.0700    1973.0000     516.0000
   0.0710    1975.0000     503.0000
   0.0720    1977.0000     510.0000
   0.0730    1978.0000     511.0000
   0.0740    1980.0000     513.0000
   0.0750    1981.0000     515.0000
   0.0760    1980.0000     515.0000
   0.0770    1980.0000     516.0000
   0.0780    1978.0000     518.0000
   0.0790    1978.0000     522.0000
   0.0800    1977.0000     526.0000
   0.0810    1976.0000     524.0000
   0.0820    1976.0000     523.0000
   0.0830    1976.0000     523.0000
   0.0840    1975.0000     520.0000
   0.0850    1977.0000     523.0000
   0.0860    1975.0000     520.0000
   0.0870    1976.0000     527.0000
   0.0880    1974.0000     530.0000
   0.0890    1975.0000     529.0000
   0.0900    1976.0000     533.0000
   0.0910    1976.0000     536.0000
   0.0920    1976.0000     536.0000
   0.0930    1977.0000     534.0000
   0.0940    1977.0000     534.0000
   0.0950    1976.0000     535.0000
   0.0960    1976.0000     544.0000
   0.0970    1976.0000     542.0000
   0.0980    1974.0000     542.0000
   0.0990    1974.0000     539.0000
   0.1000    1973.0000     539.0000
   0.1010    1973.0000     541.0000
   0.1020    1967.0000     542.0000
   0.1030    1969.0000     541.0000
   0.1040    1970.0000     541.0000
   0.1050    1969.0000     546.0000
   0.1060    1970.0000     541.0000
   0.1070    1972.0000     539.0000
   0.1080    1973.0000     535.0000
   0.1090    1975.0000     532.0000
   0.1100    1972.0000     531.0000
   0.1110    1968.0000     524.0000
   0.1120    1969.0000     528.0000
   0.1130    1967.0000     536.0000
   0.1140    1966.0000     535.0000
   0.1150    1967.0000     541.0000
   0.1160    1966.0000     540.0000
   0.1170    1967.0000     540.0000
   0.1180    1967.0000     547.0000
   0.1190    1965.0000     536.0000
   0.1200    1964.0000     534.0000
   0.1210    1965.0000     538.0000
   0.1220    1965.0000     539.0000
   0.1230    1964.0000     544.0000
   0.1240    1961.0000     542.0000
   0.1250    1959.0000     543.0000
   0.1260    1959.0000     542.0000
   0.1270    1960.0000     541.0000
   0.1280    1961.0000     541.0000
   0.1290    1956.0000     541.0000
   0.1300    1951.0000     541.0000
   0.1310    1952.0000     541.0000
   0.1320    1952.0000     543.0000
   0.1330    1954.0000     543.0000
   0.1340    1955.0000     548.0000
   0.1350    1956.0000     555.0000
   0.1360    1958.0000     555.0000
   0.1370    1957.0000     555.0000
   0.1380    1951.0000     545.0000
   0.1390    1950.0000     544.0000
   0.1400    1950.0000     536.0000
   0.1410    1950.0000     533.0000
   0.1420    1947.0000     540.0000
   0.1430    1947.0000     544.0000
   0.1440    1948.0000     541.0000
   0.1450    1951.0000     536.0000
   0.1460    1949.0000     545.0000
   0.1470    1949.0000     550.0000
   0.1480    1949.0000     550.0000
   0.1490    1950.0000     549.0000
   0.1500    1950.0000     542.0000
   0.1510    1947.0000     542.0000
   0.1520    1947.0000     540.0000
   0.1530    1949.0000     540.0000
   0.1540    1948.0000     542.0000
   0.1550    1950.0000     541.0000
   0.1560    1950.0000     541.0000
   0.1570    1950.0000     542.0000
   0.1580    1951.0000     540.0000
   0.1590    1950.0000     541.0000
   0.1600    1948.0000     542.0000
   0.1610    1950.0000     544.0000
   0.1620    1949.0000     545.0000
   0.1630    1950.0000     549.0000
   0.1640    1950.0000     549.0000
   0.1650    1953.0000     547.0000
   0.1660    1953.0000     548.0000
   0.1670    1953.0000     556.0000
   0.1680    1953.0000     554.0000
   0.1690    1954.0000     554.0000
   0.1700    1955.0000     549.0000
   0.1710    1953.0000     551.0000
   0.1720    1955.0000     550.0000
   0.1730    1954.0000     551.0000
   0.1740    1958.0000     555.0000
   0.1750    1960.0000     553.0000
   0.1760    1961.0000     555.0000
   0.1770    1962.0000     554.0000
   0.1780    1964.0000     560.0000
   0.1790    1965.0000     556.0000
   0.1800    1964.0000     553.0000
   0.1810    1965.0000     550.0000
   0.1820    1964.0000     560.0000
   0.1830    1966.0000     556.0000
   0.1840    1968.0000     551.0000
   0.1850    1970.0000     555.0000
   0.1860    1969.0000     554.0000
   0.1870    1968.0000     548.0000
   0.1880    1966.0000     547.0000
   0.1890    1969.0000     553.0000
   0.1900    1970.0000     558.0000
   0.1910    1970.0000     557.0000
   0.1920    1969.0000     558.0000
   0.1930    1968.0000     555.0000
   0.1940    1968.0000     553.0000
   0.1950    1962.0000     553.0000
   0.1960    1963.0000     554.0000
   0.1970    1967.0000     555.0000
   0.1980    1967.0000     551.0000
   0.1990    1967.0000     551.0000
   0.2000    1965.0000     552.0000
