    1    0.356787
    2    0.314198
    3    0.527985
    4    0.597726
    5    0.682303
    6    0.699502
    7    0.963261
    8    0.866915
    9    0.966833
   10    0.963847
   11    0.954458
   12    0.887562
   13    0.660862
   14    0.420398
   15    0.861149
   16    0.996683
   17    0.975577
   18    0.694859
   19    0.924662
   20    0.985457
   21    0.951907
   22    0.739161
   23    0.926278
   24    0.864566
   25    0.766880
   26    0.645771
   27    0.855721
   28    0.854300
   29    0.691542
   30    0.615494
   31    0.771597
   32    0.864250
   33    0.890547
   34    0.758706
   35    0.896879
   36    0.983085
   37    0.883361
   38    0.958541
   39    0.868159
   40    0.954229
   41    0.421227
   42    0.405117
   43    0.930348
   44    0.588557
   45    0.738806
   46    0.997512
   47    0.949183
   48    0.963753
   49    0.797264
   50    0.910448
   51    0.834826
   52    0.751244
   53    0.774461
   54    0.494403
   55    0.431931
   56    0.754975
   57    0.990050
   58    0.821251
   59    0.932262
   60    0.957356
   61    0.984782
   62    0.896588
   63    0.891376
   64    0.968372
   65    0.529851
   66    0.583748
   67    0.937811
   68    0.627770
   69    0.655611
   70    0.995477
   71    0.831468
   72    0.444143
   73    1.000000
   74    0.514925
   75    0.962913
   76    0.916252
   77    0.875000
   78    0.489428
   79    0.772049
   80    0.810116
   81    0.994314
   82    0.754229
   83    1.000000
   84    1.000000
   85    0.943062
   86    0.901741
   87    0.954229
   88    0.781095
   89    0.999447
   90    0.928856
   91    0.697228
   92    0.863460
   93    0.898839
   94    0.926700
   95    0.618021
   96    0.719403
   97    0.898201
   98    0.676617
   99    0.671642
  100    0.530473
  101    0.398010
  102    0.518035
  103    0.979195
  104    0.929726
  105    0.995578
  106    0.892888
  107    0.946103
  108    0.999668
  109    0.978607
  110    0.896400
  111    0.706744
  112    0.988273
  113    0.954229
  114    0.993877
  115    0.962998
  116    0.933333
  117    0.924046
  118    0.867202
  119    0.970149
  120    0.774461
  121    0.847264
  122    0.816915
  123    0.606965
  124    0.654229
  125    0.767591
  126    0.941294
  127    0.838308
  128    0.887231
  129    0.849641
  130    0.984245
  131    0.675995
  132    0.911979
  133    0.734826
  134    0.665423
  135    0.695369
  136    0.910448
  137    0.751244
  138    0.342040
  139    0.837178
  140    0.578109
  141    0.985075
  142    0.651741
  143    0.516169
  144    0.839891
  145    0.924921
  146    0.841211
  147    0.902411
  148    0.890547
  149    0.955887
  150    0.846877
  151    0.858920
  152    0.761646
  153    0.520730
  154    0.778331
  155    0.981909
  156    0.959204
  157    0.776502
  158    0.999289
  159    0.972863
  160    0.867537
  161    0.897181
  162    0.896766
  163    0.999289
  164    0.938942
  165    0.871269
  166    0.904975
  167    0.756930
  168    0.760811
  169    0.870336
  170    0.712065
  171    0.582800
  172    0.521144
  173    0.459370
  174    0.498618
  175    0.636816
  176    0.647264
  177    0.782338
  178    0.741294
  179    0.672264
  180    0.572692
  181    0.918905
  182    0.862355
  183    0.910448
  184    0.995025
  185    0.993919
  186    0.935323
  187    0.991708
  188    0.976368
  189    0.964179
  190    0.867883
  191    0.899254
  192    0.972637
  193    0.970978
  194    0.818599
  195    0.897053
  196    0.992537
  197    0.922056
  198    0.887645
  199    0.976783
  200    0.594883
  201    0.701493
  202    0.493781
  203    0.773943
  204    0.748045
  205    0.783937
  206    0.867537
  207    0.713930
  208    0.999378
  209    0.992893
  210    0.617848
  211    0.660033
  212    0.932007
  213    0.990954
  214    0.913765
  215    0.957214
  216    0.993367
  217    0.941294
  218    0.831468
  219    0.752239
  220    0.991708
  221    0.871752
  222    0.962460
  223    0.955224
  224    0.952297
  225    0.918740
  226    0.854726
  227    0.888415
  228    0.969527
  229    0.757750
  230    0.521061
  231    0.791045
  232    0.893532
  233    0.469471
  234    0.706468
  235    0.935821
  236    0.981095
  237    0.995025
  238    0.936567
  239    0.992537
  240    0.886678
  241    0.945274
  242    0.919493
  243    0.965174
  244    0.926866
  245    0.854892
  246    0.797678
  247    0.864906
  248    0.995522
  249    1.000000
  250    0.981343
  251    0.788913
  252    0.818408
  253    0.947264
  254    0.959093
  255    0.958955
  256    0.753234
  257    0.973881
  258    0.976588
  259    0.968236
  260    0.907734
  261    0.934992
  262    0.999585
  263    0.949866
  264    0.941829
  265    0.929896
  266    0.976368
  267    0.950580
  268    0.894693
  269    0.684356
  270    0.710732
  271    0.266169
  272    0.696970
  273    0.876175
  274    0.604478
  275    0.766935
  276    0.897181
  277    0.737385
  278    0.730891
  279    0.991376
  280    0.992729
  281    0.853460
  282    0.555792
  283    0.938489
  284    0.951014
  285    0.896517
  286    0.820896
  287    0.850036
  288    0.620232
  289    0.865672
  290    0.866820
  291    0.879975
  292    0.881095
  293    0.957356
  294    0.869541
  295    0.527363
  296    0.899392
  297    0.663048
  298    0.546711
  299    0.810282
  300    0.702849
  301    0.834992
  302    0.957033
  303    0.821310
  304    0.963261
  305    0.994196
  306    0.776949
  307    0.988693
  308    0.831750
  309    0.876866
  310    0.810945
  311    0.976990
  312    0.998756
  313    0.995025
  314    0.898839
  315    0.859453
  316    0.767978
  317    0.953234
  318    0.834163
  319    0.961305
  320    0.932836
  321    0.842573
  322    0.946932
  323    0.953802
  324    0.875207
  325    0.684080
  326    0.879353
  327    0.970149
  328    0.520857
  329    0.789718
  330    0.925825
  331    0.919776
  332    0.670260
  333    0.634102
  334    0.342040
  335    0.509724
  336    0.819900
  337    0.422886
  338    0.999005
  339    0.822761
  340    0.723881
  341    0.715796
  342    0.982587
  343    0.911596
  344    0.647477
  345    0.865050
  346    0.997236
  347    0.953802
  348    0.824378
  349    0.834163
  350    0.944776
  351    0.726921
  352    0.546269
  353    0.716418
  354    0.461265
  355    0.888682
  356    0.888060
  357    0.972360
  358    0.964179
  359    0.773134
  360    0.915920
  361    0.968728
  362    0.944563
  363    0.823383
  364    0.906965
  365    0.948590
  366    0.996683
  367    0.529277
  368    0.786070
  369    0.696517
  370    0.486733
