# time (ns)  #native #non-native
   0.0000    1992.0000       0.0000
   0.0010    1986.0000     116.0000
   0.0020    1980.0000     156.0000
   0.0030    1982.0000     196.0000
   0.0040    1981.0000     219.0000
   0.0050    1982.0000     245.0000
   0.0060    1980.0000     260.0000
   0.0070    1979.0000     272.0000
   0.0080    1978.0000     288.0000
   0.0090    1980.0000     293.0000
   0.0100    1980.0000     305.0000
   0.0110    1980.0000     315.0000
   0.0120    1979.0000     317.0000
   0.0130    1977.0000     319.0000
   0.0140    1978.0000     330.0000
   0.0150    1978.0000     331.0000
   0.0160    1978.0000     330.0000
   0.0170    1976.0000     338.0000
   0.0180    1975.0000     347.0000
   0.0190    1976.0000     355.0000
   0.0200    1977.0000     362.0000
   0.0210    1976.0000     372.0000
   0.0220    1977.0000     373.0000
   0.0230    1977.0000     380.0000
   0.0240    1978.0000     386.0000
   0.0250    1977.0000     385.0000
   0.0260    1975.0000     398.0000
   0.0270    1960.0000     405.0000
   0.0280    1958.0000     411.0000
   0.0290    1959.0000     421.0000
   0.0300    1960.0000     429.0000
   0.0310    1962.0000     436.0000
   0.0320    1963.0000     437.0000
   0.0330    1959.0000     436.0000
   0.0340    1958.0000     435.0000
   0.0350    1958.0000     445.0000
   0.0360    1960.0000     446.0000
   0.0370    1962.0000     440.0000
   0.0380    1963.0000     442.0000
   0.0390    1962.0000     447.0000
   0.0400    1961.0000     448.0000
   0.0410    1959.0000     461.0000
   0.0420    1962.0000     470.0000
   0.0430    1963.0000     473.0000
   0.0440    1960.0000     474.0000
   0.0450    1960.0000     480.0000
   0.0460    1964.0000     487.0000
   0.0470    1960.0000     493.0000
   0.0480    1960.0000     496.0000
   0.0490    1961.0000     496.0000
   0.0500    1960.0000     497.0000
   0.0510    1958.0000     500.0000
   0.0520    1954.0000     497.0000
   0.0530    1954.0000     495.0000
   0.0540    1954.0000     494.0000
   0.0550    1954.0000     500.0000
   0.0560    1956.0000     494.0000
   0.0570    1955.0000     495.0000
   0.0580    1955.0000     495.0000
   0.0590    1954.0000     502.0000
   0.0600    1952.0000     500.0000
   0.0610    1948.0000     499.0000
   0.0620    1947.0000     496.0000
   0.0630    1948.0000     494.0000
   0.0640    1949.0000     495.0000
   0.0650    1946.0000     491.0000
   0.0660    1947.0000     494.0000
   0.0670    1947.0000     500.0000
   0.0680    1947.0000     499.0000
   0.0690    1945.0000     496.0000
   0.0700    1943.0000     493.0000
   0.0710    1943.0000     502.0000
   0.0720    1942.0000     507.0000
   0.0730    1943.0000     496.0000
   0.0740    1946.0000     489.0000
   0.0750    1946.0000     499.0000
   0.0760    1946.0000     494.0000
   0.0770    1945.0000     496.0000
   0.0780    1946.0000     491.0000
   0.0790    1947.0000     491.0000
   0.0800    1948.0000     493.0000
   0.0810    1948.0000     497.0000
   0.0820    1949.0000     501.0000
   0.0830    1949.0000     502.0000
   0.0840    1948.0000     508.0000
   0.0850    1949.0000     504.0000
   0.0860    1949.0000     510.0000
   0.0870    1950.0000     511.0000
   0.0880    1950.0000     513.0000
   0.0890    1949.0000     513.0000
   0.0900    1949.0000     515.0000
   0.0910    1953.0000     513.0000
   0.0920    1954.0000     514.0000
   0.0930    1954.0000     518.0000
   0.0940    1953.0000     515.0000
   0.0950    1953.0000     517.0000
   0.0960    1953.0000     516.0000
   0.0970    1954.0000     525.0000
   0.0980    1954.0000     525.0000
   0.0990    1954.0000     525.0000
   0.1000    1952.0000     529.0000
   0.1010    1953.0000     530.0000
   0.1020    1952.0000     529.0000
   0.1030    1953.0000     529.0000
   0.1040    1952.0000     527.0000
   0.1050    1947.0000     525.0000
   0.1060    1950.0000     527.0000
   0.1070    1948.0000     525.0000
   0.1080    1949.0000     523.0000
   0.1090    1947.0000     522.0000
   0.1100    1952.0000     522.0000
   0.1110    1952.0000     526.0000
   0.1120    1951.0000     527.0000
   0.1130    1952.0000     530.0000
   0.1140    1950.0000     540.0000
   0.1150    1950.0000     544.0000
   0.1160    1949.0000     540.0000
   0.1170    1950.0000     545.0000
   0.1180    1949.0000     545.0000
   0.1190    1949.0000     545.0000
   0.1200    1951.0000     541.0000
   0.1210    1950.0000     543.0000
   0.1220    1951.0000     541.0000
   0.1230    1953.0000     541.0000
   0.1240    1954.0000     536.0000
   0.1250    1953.0000     536.0000
   0.1260    1953.0000     531.0000
   0.1270    1955.0000     533.0000
   0.1280    1958.0000     528.0000
   0.1290    1957.0000     529.0000
   0.1300    1956.0000     532.0000
   0.1310    1956.0000     536.0000
   0.1320    1956.0000     534.0000
   0.1330    1957.0000     533.0000
   0.1340    1956.0000     539.0000
   0.1350    1955.0000     541.0000
   0.1360    1952.0000     542.0000
   0.1370    1952.0000     545.0000
   0.1380    1950.0000     548.0000
   0.1390    1951.0000     553.0000
   0.1400    1949.0000     553.0000
   0.1410    1949.0000     554.0000
   0.1420    1949.0000     558.0000
   0.1430    1950.0000     553.0000
   0.1440    1950.0000     558.0000
   0.1450    1950.0000     560.0000
   0.1460    1950.0000     562.0000
   0.1470    1951.0000     566.0000
   0.1480    1949.0000     571.0000
   0.1490    1948.0000     572.0000
   0.1500    1948.0000     572.0000
   0.1510    1948.0000     569.0000
   0.1520    1948.0000     570.0000
   0.1530    1947.0000     572.0000
   0.1540    1946.0000     572.0000
   0.1550    1945.0000     570.0000
   0.1560    1945.0000     567.0000
   0.1570    1946.0000     565.0000
   0.1580    1946.0000     568.0000
   0.1590    1946.0000     568.0000
   0.1600    1945.0000     571.0000
   0.1610    1943.0000     563.0000
   0.1620    1946.0000     565.0000
   0.1630    1945.0000     567.0000
   0.1640    1945.0000     567.0000
   0.1650    1944.0000     570.0000
   0.1660    1945.0000     572.0000
   0.1670    1946.0000     574.0000
   0.1680    1946.0000     576.0000
   0.1690    1946.0000     575.0000
   0.1700    1945.0000     578.0000
   0.1710    1945.0000     576.0000
   0.1720    1945.0000     581.0000
   0.1730    1945.0000     578.0000
   0.1740    1945.0000     578.0000
   0.1750    1945.0000     579.0000
   0.1760    1946.0000     578.0000
   0.1770    1946.0000     578.0000
   0.1780    1946.0000     582.0000
   0.1790    1946.0000     579.0000
   0.1800    1945.0000     583.0000
   0.1810    1944.0000     579.0000
   0.1820    1944.0000     577.0000
   0.1830    1944.0000     579.0000
   0.1840    1944.0000     583.0000
   0.1850    1944.0000     580.0000
   0.1860    1944.0000     580.0000
   0.1870    1944.0000     587.0000
   0.1880    1945.0000     585.0000
   0.1890    1945.0000     587.0000
   0.1900    1945.0000     585.0000
   0.1910    1943.0000     580.0000
   0.1920    1942.0000     585.0000
   0.1930    1941.0000     583.0000
   0.1940    1941.0000     579.0000
   0.1950    1942.0000     576.0000
   0.1960    1943.0000     576.0000
   0.1970    1942.0000     579.0000
   0.1980    1942.0000     581.0000
   0.1990    1944.0000     578.0000
   0.2000    1944.0000     577.0000
