    1    0.328096
    2    0.252626
    3    0.326062
    4    0.253731
    5    0.574271
    6    0.656716
    7    0.880242
    8    0.683724
    9    0.992537
   10    0.934080
   11    0.912580
   12    0.803980
   13    0.921393
   14    0.532338
   15    0.871642
   16    0.990672
   17    0.966531
   18    0.697347
   19    0.977967
   20    0.954513
   21    0.949420
   22    0.640547
   23    0.955638
   24    0.927032
   25    0.690121
   26    0.668159
   27    0.908152
   28    0.857143
   29    0.663350
   30    0.941957
   31    0.831675
   32    0.618159
   33    0.734962
   34    0.576662
   35    0.938489
   36    0.652452
   37    0.772501
   38    0.606965
   39    0.993603
   40    0.967164
   41    0.519900
   42    0.623881
   43    0.963930
   44    0.992537
   45    1.000000
   46    1.000000
   47    0.856343
   48    0.922886
   49    0.889303
   50    0.992893
   51    0.936567
   52    0.697347
   53    0.534328
   54    0.643449
   55    0.708458
   56    0.719584
   57    0.697761
   58    0.775808
   59    0.993781
   60    0.971926
   61    0.939469
   62    0.964345
   63    0.776830
   64    0.927032
   65    0.703704
   66    0.643600
   67    0.997678
   68    0.802985
   69    0.785517
   70    1.000000
   71    0.703151
   72    0.490879
   73    0.878939
   74    0.817164
   75    0.991407
   76    0.879066
   77    0.788834
   78    0.506841
   79    0.854478
   80    0.820896
   81    0.850746
   82    0.790050
   83    0.937811
   84    1.000000
   85    0.857531
   86    0.942164
   87    0.881592
   88    0.725871
   89    0.889643
   90    0.809287
   91    0.703625
   92    0.748078
   93    0.934218
   94    0.961265
   95    0.840174
   96    0.829602
   97    0.895522
   98    0.959051
   99    0.778607
  100    0.651741
  101    0.651741
  102    0.573632
  103    0.988693
  104    0.951803
  105    0.898688
  106    0.945826
  107    0.936153
  108    0.995357
  109    0.898010
  110    0.866501
  111    0.692590
  112    0.924307
  113    0.908126
  114    0.994259
  115    0.893657
  116    0.980431
  117    0.979744
  118    0.993668
  119    1.000000
  120    0.902985
  121    0.819403
  122    0.685323
  123    0.751244
  124    0.603234
  125    0.905473
  126    0.968657
  127    0.696517
  128    0.966833
  129    0.858864
  130    0.939469
  131    0.673853
  132    0.879832
  133    0.754561
  134    0.844527
  135    0.725603
  136    0.868159
  137    0.973881
  138    0.576285
  139    0.861692
  140    0.543781
  141    1.000000
  142    0.567164
  143    0.774461
  144    0.820896
  145    0.853008
  146    0.824627
  147    0.840464
  148    0.984245
  149    0.998469
  150    0.730846
  151    0.896588
  152    0.800995
  153    0.718076
  154    0.867537
  155    0.517768
  156    0.920850
  157    0.902156
  158    0.834650
  159    0.991198
  160    0.904478
  161    0.887127
  162    0.763405
  163    0.847761
  164    0.950249
  165    0.549751
  166    0.624793
  167    0.395070
  168    0.649088
  169    0.829537
  170    0.477612
  171    0.716418
  172    0.445274
  173    0.809287
  174    0.804549
  175    0.754229
  176    0.790796
  177    0.489773
  178    0.744776
  179    0.320066
  180    0.578773
  181    0.771144
  182    0.671642
  183    0.775290
  184    0.758706
  185    0.917413
  186    0.690713
  187    0.834012
  188    0.949834
  189    0.915423
  190    0.998579
  191    0.934771
  192    0.941720
  193    0.864961
  194    0.829315
  195    0.829913
  196    0.984453
  197    0.996020
  198    0.774343
  199    0.901990
  200    0.319030
  201    0.697512
  202    0.717413
  203    0.752414
  204    0.668325
  205    0.606965
  206    0.823383
  207    0.484009
  208    1.000000
  209    0.987918
  210    0.803897
  211    0.997512
  212    0.753376
  213    0.998507
  214    0.808043
  215    0.990050
  216    0.999171
  217    0.985430
  218    0.884950
  219    0.971144
  220    0.992537
  221    0.978234
  222    0.917684
  223    0.987977
  224    0.828082
  225    0.999548
  226    0.902488
  227    0.928435
  228    0.865050
  229    0.821310
  230    0.536899
  231    0.907960
  232    0.873445
  233    0.616294
  234    0.792466
  235    0.997789
  236    0.989055
  237    0.703151
  238    0.918408
  239    0.997512
  240    0.986496
  241    0.961194
  242    0.931253
  243    0.943615
  244    0.966169
  245    0.833333
  246    0.841349
  247    0.954076
  248    0.902307
  249    0.970771
  250    0.997321
  251    0.611940
  252    0.776119
  253    0.806799
  254    0.888557
  255    0.978441
  256    0.716729
  257    0.929104
  258    0.893428
  259    0.923460
  260    0.892537
  261    0.955224
  262    0.960964
  263    0.924544
  264    0.893390
  265    0.961443
  266    0.885019
  267    0.860989
  268    1.000000
  269    0.525705
  270    0.495025
  271    0.495647
  272    0.736318
  273    0.830846
  274    0.658375
  275    0.711940
  276    0.884577
  277    0.793118
  278    0.982942
  279    0.963516
  280    0.991198
  281    0.808043
  282    0.771144
  283    0.987065
  284    0.945274
  285    0.854726
  286    0.741294
  287    0.733209
  288    0.623134
  289    0.893390
  290    0.941829
  291    0.906095
  292    0.869652
  293    0.976655
  294    0.965174
  295    0.492537
  296    0.889442
  297    0.786070
  298    0.456716
  299    0.857143
  300    0.814925
  301    0.987148
  302    0.984622
  303    0.788749
  304    0.962113
  305    0.987918
  306    0.810945
  307    0.935776
  308    0.841248
  309    0.641791
  310    0.776119
  311    0.880044
  312    0.998756
  313    0.752488
  314    0.783582
  315    0.996683
  316    0.758028
  317    0.876866
  318    0.803838
  319    0.983969
  320    0.983653
  321    0.949101
  322    0.878109
  323    0.925373
  324    0.883763
  325    0.661692
  326    0.957090
  327    0.766722
  328    0.675195
  329    0.808769
  330    0.793532
  331    0.787728
  332    0.805141
  333    0.648839
  334    0.461028
  335    0.465853
  336    0.820398
  337    0.757463
  338    0.713930
  339    0.791978
  340    0.827227
  341    0.901208
  342    0.815468
  343    0.988391
  344    0.736733
  345    0.874129
  346    0.861111
  347    0.859038
  348    0.753957
  349    0.828358
  350    0.824212
  351    0.751741
  352    0.675622
  353    0.669983
  354    0.416045
  355    0.881219
  356    0.911692
  357    0.888336
  358    0.946269
  359    0.602819
  360    0.897784
  361    0.990815
  362    0.837687
  363    0.823383
  364    0.908639
  365    0.798922
  366    0.973466
  367    0.573287
  368    0.851102
  369    0.578980
  370    0.308458
