    1    0.113599
    2    0.183147
    3    0.295744
    4    0.322388
    5    0.684080
    6    0.709950
    7    0.988136
    8    0.776119
    9    0.987148
   10    0.862355
   11    0.955579
   12    0.704809
   13    0.823383
   14    0.549525
   15    1.000000
   16    0.979478
   17    0.957938
   18    0.797678
   19    0.891969
   20    0.965174
   21    0.939469
   22    0.679726
   23    0.991407
   24    0.904229
   25    0.780384
   26    0.614654
   27    0.946039
   28    0.658706
   29    0.477612
   30    0.484009
   31    0.676064
   32    0.681592
   33    0.820481
   34    0.676617
   35    0.948892
   36    1.000000
   37    0.866224
   38    0.728234
   39    0.896144
   40    0.876451
   41    0.397015
   42    0.364842
   43    0.830846
   44    0.532338
   45    0.639303
   46    0.997512
   47    0.796898
   48    0.916045
   49    0.844527
   50    0.892206
   51    0.950871
   52    0.679104
   53    0.569652
   54    0.525942
   55    0.602543
   56    0.709232
   57    0.850746
   58    0.829424
   59    0.950249
   60    0.985785
   61    0.998342
   62    0.814366
   63    0.902363
   64    0.989667
   65    0.783085
   66    0.669320
   67    0.938744
   68    0.910448
   69    0.896628
   70    0.924959
   71    0.693201
   72    0.583748
   73    0.756219
   74    0.799751
   75    0.991407
   76    0.916252
   77    0.923952
   78    0.520522
   79    0.835821
   80    0.888682
   81    0.966833
   82    0.958209
   83    0.781095
   84    1.000000
   85    0.967385
   86    0.942164
   87    0.993781
   88    0.652194
   89    0.953234
   90    0.720978
   91    0.966418
   92    0.559978
   93    0.843007
   94    0.874200
   95    0.547886
   96    0.791874
   97    0.998756
   98    0.720896
   99    0.872305
  100    0.421891
  101    0.000000
  102    0.675373
  103    0.909543
  104    0.966729
  105    0.941957
  106    0.977466
  107    0.911277
  108    0.983416
  109    0.972360
  110    0.964241
  111    0.811498
  112    0.918977
  113    0.876175
  114    0.991827
  115    0.925995
  116    0.999289
  117    0.946932
  118    0.942371
  119    0.927363
  120    0.686567
  121    0.838806
  122    0.730439
  123    0.607960
  124    0.651741
  125    0.839138
  126    0.923383
  127    0.691542
  128    0.831675
  129    0.879491
  130    0.982587
  131    0.793888
  132    0.814144
  133    0.659480
  134    0.681592
  135    0.667815
  136    0.775737
  137    0.577114
  138    0.415068
  139    0.865672
  140    0.609950
  141    1.000000
  142    0.322761
  143    0.762852
  144    0.901493
  145    0.858887
  146    0.856626
  147    0.767102
  148    0.827736
  149    0.794362
  150    0.846324
  151    0.893035
  152    0.483758
  153    0.630182
  154    0.948827
  155    0.943615
  156    0.924129
  157    0.886929
  158    0.989739
  159    0.877535
  160    0.866294
  161    0.980100
  162    0.933458
  163    0.878386
  164    0.944859
  165    0.971571
  166    0.970602
  167    0.817834
  168    0.597844
  169    0.760365
  170    0.832504
  171    0.575456
  172    0.705224
  173    0.039801
  174    0.034826
  175    0.406855
  176    0.654395
  177    0.757214
  178    0.766584
  179    0.679104
  180    0.704395
  181    0.883276
  182    0.885572
  183    0.879975
  184    0.996683
  185    0.991708
  186    0.820896
  187    0.952736
  188    0.981248
  189    0.939303
  190    0.891169
  191    0.800995
  192    0.986496
  193    0.986733
  194    0.837734
  195    0.895167
  196    0.927861
  197    0.870647
  198    0.755864
  199    0.912935
  200    0.431730
  201    0.557214
  202    0.449627
  203    0.714955
  204    0.714641
  205    0.581468
  206    0.856343
  207    0.595357
  208    0.955224
  209    0.778607
  210    0.488693
  211    1.000000
  212    0.750000
  213    0.981592
  214    0.807118
  215    0.986070
  216    1.000000
  217    0.932214
  218    0.933902
  219    0.809287
  220    0.858564
  221    0.736318
  222    0.928991
  223    0.960614
  224    0.867428
  225    0.940299
  226    0.824212
  227    0.845060
  228    0.917555
  229    0.905828
  230    0.847326
  231    0.713930
  232    0.997868
  233    0.858209
  234    0.734660
  235    0.902759
  236    0.949254
  237    0.671642
  238    0.843284
  239    0.995025
  240    0.965174
  241    0.883914
  242    0.911352
  243    0.990050
  244    0.999447
  245    0.844867
  246    0.892537
  247    0.861692
  248    0.916780
  249    0.960821
  250    0.929200
  251    0.780384
  252    0.393035
  253    1.000000
  254    0.866667
  255    0.984245
  256    0.842973
  257    0.953310
  258    0.927114
  259    0.931496
  260    0.891000
  261    0.973466
  262    0.999617
  263    0.980100
  264    0.990464
  265    0.961556
  266    0.970149
  267    0.948259
  268    0.991708
  269    0.583899
  270    0.734186
  271    0.406539
  272    0.767317
  273    0.846676
  274    0.444030
  275    0.628396
  276    0.899945
  277    0.992537
  278    0.851990
  279    0.999645
  280    0.991198
  281    0.943917
  282    0.519279
  283    0.945726
  284    0.810945
  285    0.830846
  286    0.819900
  287    0.655058
  288    0.500276
  289    0.799337
  290    0.873845
  291    0.879886
  292    0.853460
  293    0.971958
  294    0.703980
  295    0.672637
  296    0.903211
  297    0.798818
  298    0.779851
  299    0.887349
  300    0.680881
  301    0.796924
  302    0.734542
  303    0.808458
  304    0.919633
  305    0.895522
  306    0.764748
  307    0.683769
  308    0.624152
  309    0.705473
  310    0.585075
  311    0.597398
  312    0.590796
  313    0.569154
  314    0.751244
  315    0.993367
  316    0.771642
  317    0.776119
  318    0.654229
  319    0.891045
  320    0.822651
  321    0.479969
  322    0.999005
  323    0.917413
  324    0.960697
  325    0.426866
  326    0.879353
  327    0.970149
  328    0.665672
  329    0.705224
  330    0.895191
  331    0.712800
  332    0.922264
  333    0.838723
  334    0.835199
  335    0.477612
  336    0.867481
  337    0.669652
  338    0.965174
  339    0.887103
  340    0.939055
  341    0.634826
  342    0.964677
  343    0.980929
  344    0.656716
  345    0.840796
  346    0.906965
  347    0.863350
  348    0.801990
  349    0.844113
  350    0.876526
  351    0.836816
  352    0.602985
  353    0.698176
  354    0.544776
  355    0.745163
  356    0.820896
  357    0.809950
  358    0.999005
  359    0.810945
  360    0.863863
  361    0.975480
  362    0.923952
  363    0.871752
  364    0.893035
  365    0.883276
  366    1.000000
  367    0.654455
  368    0.772471
  369    0.759773
  370    0.729353
