# time (ns)  #native #non-native
   0.0000    2007.0000       0.0000
   0.0010    2001.0000      82.0000
   0.0020    1997.0000     140.0000
   0.0030    1993.0000     175.0000
   0.0040    1996.0000     195.0000
   0.0050    1996.0000     216.0000
   0.0060    1996.0000     241.0000
   0.0070    1988.0000     254.0000
   0.0080    1993.0000     265.0000
   0.0090    1994.0000     276.0000
   0.0100    1994.0000     286.0000
   0.0110    1994.0000     295.0000
   0.0120    1995.0000     306.0000
   0.0130    1994.0000     320.0000
   0.0140    1995.0000     335.0000
   0.0150    1996.0000     346.0000
   0.0160    1994.0000     352.0000
   0.0170    1992.0000     356.0000
   0.0180    1993.0000     359.0000
   0.0190    1991.0000     365.0000
   0.0200    1989.0000     370.0000
   0.0210    1988.0000     372.0000
   0.0220    1987.0000     375.0000
   0.0230    1986.0000     378.0000
   0.0240    1985.0000     387.0000
   0.0250    1985.0000     394.0000
   0.0260    1983.0000     395.0000
   0.0270    1982.0000     402.0000
   0.0280    1982.0000     401.0000
   0.0290    1981.0000     405.0000
   0.0300    1981.0000     407.0000
   0.0310    1979.0000     408.0000
   0.0320    1981.0000     410.0000
   0.0330    1981.0000     401.0000
   0.0340    1981.0000     409.0000
   0.0350    1982.0000     406.0000
   0.0360    1983.0000     410.0000
   0.0370    1982.0000     409.0000
   0.0380    1983.0000     416.0000
   0.0390    1984.0000     416.0000
   0.0400    1986.0000     420.0000
   0.0410    1986.0000     425.0000
   0.0420    1984.0000     439.0000
   0.0430    1981.0000     439.0000
   0.0440    1980.0000     437.0000
   0.0450    1981.0000     445.0000
   0.0460    1982.0000     449.0000
   0.0470    1981.0000     446.0000
   0.0480    1982.0000     452.0000
   0.0490    1981.0000     458.0000
   0.0500    1978.0000     457.0000
   0.0510    1979.0000     461.0000
   0.0520    1982.0000     465.0000
   0.0530    1983.0000     469.0000
   0.0540    1984.0000     470.0000
   0.0550    1984.0000     470.0000
   0.0560    1984.0000     476.0000
   0.0570    1983.0000     478.0000
   0.0580    1983.0000     482.0000
   0.0590    1982.0000     482.0000
   0.0600    1981.0000     483.0000
   0.0610    1981.0000     482.0000
   0.0620    1982.0000     478.0000
   0.0630    1982.0000     484.0000
   0.0640    1980.0000     491.0000
   0.0650    1976.0000     490.0000
   0.0660    1977.0000     488.0000
   0.0670    1974.0000     493.0000
   0.0680    1977.0000     498.0000
   0.0690    1978.0000     496.0000
   0.0700    1978.0000     493.0000
   0.0710    1978.0000     497.0000
   0.0720    1977.0000     498.0000
   0.0730    1978.0000     495.0000
   0.0740    1977.0000     500.0000
   0.0750    1976.0000     500.0000
   0.0760    1975.0000     501.0000
   0.0770    1974.0000     505.0000
   0.0780    1975.0000     510.0000
   0.0790    1974.0000     513.0000
   0.0800    1975.0000     513.0000
   0.0810    1976.0000     511.0000
   0.0820    1976.0000     512.0000
   0.0830    1975.0000     511.0000
   0.0840    1973.0000     513.0000
   0.0850    1975.0000     515.0000
   0.0860    1976.0000     511.0000
   0.0870    1977.0000     512.0000
   0.0880    1977.0000     516.0000
   0.0890    1977.0000     517.0000
   0.0900    1976.0000     518.0000
   0.0910    1976.0000     522.0000
   0.0920    1977.0000     513.0000
   0.0930    1977.0000     515.0000
   0.0940    1974.0000     517.0000
   0.0950    1975.0000     518.0000
   0.0960    1980.0000     517.0000
   0.0970    1981.0000     528.0000
   0.0980    1981.0000     525.0000
   0.0990    1979.0000     524.0000
   0.1000    1980.0000     522.0000
   0.1010    1980.0000     522.0000
   0.1020    1983.0000     527.0000
   0.1030    1983.0000     529.0000
   0.1040    1982.0000     532.0000
   0.1050    1981.0000     533.0000
   0.1060    1981.0000     534.0000
   0.1070    1981.0000     533.0000
   0.1080    1981.0000     540.0000
   0.1090    1979.0000     543.0000
   0.1100    1979.0000     549.0000
   0.1110    1979.0000     552.0000
   0.1120    1980.0000     554.0000
   0.1130    1980.0000     558.0000
   0.1140    1981.0000     558.0000
   0.1150    1980.0000     560.0000
   0.1160    1980.0000     562.0000
   0.1170    1979.0000     563.0000
   0.1180    1981.0000     566.0000
   0.1190    1981.0000     568.0000
   0.1200    1979.0000     573.0000
   0.1210    1977.0000     571.0000
   0.1220    1980.0000     570.0000
   0.1230    1982.0000     568.0000
   0.1240    1982.0000     566.0000
   0.1250    1980.0000     567.0000
   0.1260    1979.0000     566.0000
   0.1270    1978.0000     566.0000
   0.1280    1978.0000     555.0000
   0.1290    1976.0000     553.0000
   0.1300    1976.0000     552.0000
   0.1310    1976.0000     553.0000
   0.1320    1975.0000     550.0000
   0.1330    1975.0000     554.0000
   0.1340    1974.0000     556.0000
   0.1350    1973.0000     564.0000
   0.1360    1973.0000     565.0000
   0.1370    1972.0000     569.0000
   0.1380    1972.0000     572.0000
   0.1390    1974.0000     563.0000
   0.1400    1974.0000     569.0000
   0.1410    1973.0000     558.0000
   0.1420    1975.0000     561.0000
   0.1430    1972.0000     562.0000
   0.1440    1972.0000     559.0000
   0.1450    1973.0000     554.0000
   0.1460    1973.0000     559.0000
   0.1470    1971.0000     562.0000
   0.1480    1971.0000     562.0000
   0.1490    1970.0000     564.0000
   0.1500    1971.0000     567.0000
   0.1510    1970.0000     572.0000
   0.1520    1970.0000     575.0000
   0.1530    1971.0000     584.0000
   0.1540    1972.0000     582.0000
   0.1550    1972.0000     587.0000
   0.1560    1973.0000     590.0000
   0.1570    1974.0000     589.0000
   0.1580    1974.0000     590.0000
   0.1590    1975.0000     593.0000
   0.1600    1975.0000     596.0000
   0.1610    1975.0000     597.0000
   0.1620    1976.0000     602.0000
   0.1630    1973.0000     597.0000
   0.1640    1975.0000     599.0000
   0.1650    1975.0000     597.0000
   0.1660    1975.0000     596.0000
   0.1670    1973.0000     600.0000
   0.1680    1972.0000     604.0000
   0.1690    1974.0000     600.0000
   0.1700    1973.0000     601.0000
   0.1710    1972.0000     601.0000
   0.1720    1972.0000     606.0000
   0.1730    1973.0000     604.0000
   0.1740    1972.0000     608.0000
   0.1750    1971.0000     601.0000
   0.1760    1970.0000     603.0000
   0.1770    1973.0000     593.0000
   0.1780    1972.0000     591.0000
   0.1790    1972.0000     587.0000
   0.1800    1974.0000     591.0000
   0.1810    1975.0000     590.0000
   0.1820    1975.0000     587.0000
   0.1830    1974.0000     594.0000
   0.1840    1974.0000     599.0000
   0.1850    1973.0000     596.0000
   0.1860    1973.0000     593.0000
   0.1870    1971.0000     588.0000
   0.1880    1971.0000     588.0000
   0.1890    1970.0000     586.0000
   0.1900    1969.0000     588.0000
   0.1910    1969.0000     588.0000
   0.1920    1969.0000     590.0000
   0.1930    1968.0000     589.0000
   0.1940    1970.0000     587.0000
   0.1950    1971.0000     592.0000
   0.1960    1970.0000     595.0000
   0.1970    1972.0000     599.0000
   0.1980    1972.0000     598.0000
   0.1990    1972.0000     599.0000
   0.2000    1973.0000     600.0000
