    1    0.368988
    2    0.406183
    3    0.047761
    4    0.540867
    5    0.817910
    6    0.686115
    7    0.908671
    8    0.736318
    9    0.952736
   10    0.872823
   11    0.922175
   12    0.601607
   13    0.674959
   14    0.333831
   15    0.811850
   16    0.866124
   17    0.945726
   18    0.764748
   19    0.886194
   20    0.938166
   21    0.916134
   22    0.636816
   23    0.921227
   24    0.893864
   25    0.813077
   26    0.734107
   27    0.969001
   28    1.000000
   29    0.674959
   30    0.593035
   31    0.825160
   32    0.746269
   33    0.800995
   34    0.942510
   35    0.906377
   36    0.796849
   37    0.820896
   38    0.648756
   39    0.629353
   40    0.705224
   41    0.282871
   42    0.296642
   43    0.781477
   44    0.476617
   45    0.596186
   46    0.761194
   47    0.765893
   48    0.766722
   49    0.736318
   50    0.801493
   51    0.733333
   52    0.754229
   53    0.472637
   54    0.437100
   55    0.333333
   56    0.772566
   57    0.881150
   58    0.848067
   59    0.951014
   60    0.897844
   61    0.807711
   62    0.647028
   63    0.915423
   64    0.909121
   65    0.667815
   66    0.366169
   67    0.949371
   68    0.815920
   69    0.925995
   70    0.996834
   71    0.750000
   72    0.656095
   73    0.895522
   74    0.635821
   75    0.993216
   76    0.868733
   77    0.820896
   78    0.346902
   79    0.737562
   80    0.708126
   81    0.933112
   82    0.772803
   83    0.656716
   84    1.000000
   85    0.903483
   86    0.928137
   87    0.810945
   88    0.682421
   89    0.875170
   90    0.731343
   91    0.702914
   92    0.536603
   93    0.859038
   94    0.847761
   95    0.566169
   96    0.680526
   97    0.933793
   98    0.670576
   99    0.731965
  100    0.424242
  101    0.382090
  102    0.564400
  103    0.970149
  104    0.905734
  105    0.811850
  106    0.950802
  107    0.793532
  108    0.984080
  109    0.907463
  110    0.877557
  111    0.735134
  112    0.906136
  113    0.880929
  114    0.947406
  115    0.920709
  116    0.998934
  117    0.917745
  118    0.997286
  119    0.928358
  120    0.773632
  121    0.853731
  122    0.734509
  123    0.751244
  124    0.677861
  125    0.864250
  126    0.881095
  127    0.762023
  128    0.897181
  129    0.788950
  130    0.960199
  131    0.527363
  132    0.798152
  133    0.715865
  134    0.646766
  135    0.828358
  136    0.824212
  137    0.564321
  138    0.447050
  139    0.845771
  140    0.646213
  141    0.997512
  142    0.431414
  143    0.805970
  144    0.882858
  145    0.855269
  146    0.866124
  147    0.893226
  148    0.915423
  149    0.850391
  150    0.935945
  151    0.942212
  152    0.772637
  153    0.512852
  154    0.980100
  155    0.695369
  156    0.903483
  157    0.783008
  158    0.900187
  159    0.937811
  160    0.843905
  161    0.958872
  162    0.801548
  163    0.884950
  164    0.888889
  165    0.772803
  166    0.798093
  167    0.742360
  168    0.900000
  169    0.759623
  170    0.789386
  171    0.536982
  172    0.712687
  173    0.038557
  174    0.412106
  175    0.412438
  176    0.556132
  177    0.705846
  178    0.667910
  179    0.289552
  180    0.537313
  181    0.878109
  182    0.852736
  183    0.889884
  184    0.907960
  185    0.910945
  186    0.706468
  187    0.969044
  188    0.922694
  189    0.906468
  190    0.898632
  191    0.833610
  192    0.958067
  193    0.961857
  194    0.819747
  195    0.889126
  196    0.995025
  197    0.903814
  198    0.928991
  199    0.917413
  200    0.432125
  201    0.534826
  202    0.679104
  203    0.825578
  204    0.752392
  205    0.703980
  206    0.805348
  207    0.452736
  208    0.874627
  209    0.993603
  210    0.625311
  211    1.000000
  212    0.951078
  213    0.996683
  214    0.863410
  215    0.992040
  216    1.000000
  217    0.934660
  218    0.964552
  219    0.938308
  220    0.995025
  221    0.852239
  222    0.954772
  223    0.960199
  224    0.823776
  225    0.919983
  226    0.863682
  227    0.773632
  228    0.824765
  229    0.752902
  230    0.633499
  231    0.794914
  232    0.912002
  233    0.645409
  234    0.792466
  235    0.911805
  236    0.813433
  237    0.960199
  238    0.701493
  239    0.967662
  240    0.955224
  241    0.998342
  242    1.000000
  243    0.859038
  244    0.857531
  245    0.793306
  246    0.847982
  247    0.876688
  248    0.924544
  249    0.879975
  250    0.959816
  251    0.874793
  252    0.609453
  253    0.940299
  254    0.981758
  255    0.955638
  256    0.787935
  257    0.995025
  258    0.834080
  259    0.955638
  260    0.835821
  261    0.998579
  262    0.938166
  263    0.992952
  264    0.960199
  265    0.960199
  266    0.955846
  267    0.809391
  268    0.727612
  269    0.555405
  270    0.695096
  271    0.650912
  272    0.835055
  273    0.839439
  274    0.617745
  275    0.726368
  276    0.958706
  277    0.881012
  278    0.758430
  279    0.999289
  280    0.991581
  281    0.947083
  282    0.574982
  283    0.990050
  284    0.808813
  285    0.844444
  286    0.790547
  287    0.647872
  288    0.562742
  289    0.862118
  290    0.844113
  291    0.846324
  292    0.862189
  293    0.828550
  294    0.851299
  295    0.441542
  296    0.926479
  297    0.683506
  298    0.650415
  299    0.839690
  300    0.790140
  301    0.771144
  302    0.825871
  303    0.841561
  304    0.902411
  305    0.913291
  306    0.582090
  307    0.880145
  308    0.807960
  309    0.554726
  310    0.512438
  311    0.765717
  312    0.755390
  313    0.710448
  314    0.799751
  315    0.991708
  316    0.854229
  317    0.884807
  318    0.860697
  319    0.955224
  320    0.845771
  321    0.623646
  322    1.000000
  323    0.860386
  324    0.955224
  325    0.489221
  326    0.840796
  327    0.870025
  328    0.484245
  329    0.802061
  330    0.744847
  331    0.890547
  332    0.845478
  333    0.601225
  334    0.844527
  335    0.443551
  336    0.874627
  337    0.589908
  338    0.559425
  339    0.805092
  340    0.863599
  341    0.711443
  342    0.858706
  343    0.904229
  344    0.598792
  345    0.850746
  346    0.876074
  347    0.806523
  348    0.806965
  349    0.822554
  350    0.840796
  351    0.717322
  352    0.569154
  353    0.718076
  354    0.496802
  355    0.916045
  356    0.732338
  357    0.767662
  358    0.895522
  359    0.722388
  360    0.916252
  361    0.881219
  362    0.740188
  363    0.746766
  364    0.867028
  365    0.739161
  366    0.950249
  367    0.564262
  368    0.723525
  369    0.473742
  370    0.283085
