    1    0.294527
    2    0.283858
    3    0.226368
    4    0.291045
    5    0.585643
    6    0.736318
    7    0.871002
    8    0.770149
    9    0.978027
   10    0.880597
   11    0.952928
   12    0.657865
   13    0.707889
   14    0.380597
   15    0.835323
   16    0.966280
   17    0.906829
   18    0.773134
   19    0.886283
   20    0.949893
   21    0.965174
   22    0.664179
   23    0.880980
   24    0.863460
   25    0.748401
   26    0.688557
   27    0.991708
   28    0.998342
   29    0.709784
   30    0.991708
   31    0.863539
   32    0.566169
   33    0.775667
   34    0.799889
   35    0.886638
   36    0.662402
   37    0.782338
   38    0.845771
   39    0.972281
   40    0.891376
   41    0.611940
   42    0.392482
   43    0.945688
   44    0.605970
   45    0.431414
   46    0.858564
   47    0.909826
   48    0.934080
   49    0.647595
   50    0.864428
   51    0.805970
   52    0.560768
   53    0.662935
   54    0.535448
   55    0.481758
   56    0.628856
   57    0.864677
   58    0.840796
   59    0.987977
   60    0.951670
   61    0.904091
   62    0.812701
   63    0.864250
   64    0.890903
   65    0.708955
   66    0.488115
   67    0.984411
   68    0.808181
   69    0.803206
   70    0.999095
   71    0.738530
   72    0.501935
   73    0.736318
   74    0.798507
   75    0.951078
   76    0.917081
   77    0.902630
   78    0.597015
   79    0.845771
   80    0.974414
   81    0.894527
   82    0.986070
   83    0.595357
   84    1.000000
   85    0.998342
   86    0.848535
   87    0.808955
   88    0.674808
   89    0.934328
   90    0.843510
   91    0.699834
   92    0.604478
   93    0.845771
   94    0.916252
   95    0.378607
   96    0.662457
   97    0.888415
   98    0.513371
   99    0.599813
  100    0.251741
  101    0.097015
  102    0.531786
  103    0.989145
  104    0.854063
  105    0.995578
  106    0.980100
  107    0.947761
  108    0.975124
  109    0.977336
  110    0.889718
  111    0.636342
  112    0.878607
  113    0.916886
  114    0.894859
  115    0.926306
  116    0.996446
  117    0.964842
  118    0.995025
  119    0.833333
  120    0.691542
  121    0.831343
  122    0.814428
  123    0.602985
  124    0.720149
  125    0.717129
  126    0.921393
  127    0.760365
  128    0.824876
  129    0.842454
  130    0.987562
  131    0.702114
  132    0.865316
  133    0.969439
  134    0.889303
  135    0.794663
  136    0.801760
  137    0.682421
  138    0.548922
  139    0.921891
  140    0.519222
  141    0.987562
  142    0.417910
  143    0.693201
  144    0.891542
  145    0.875170
  146    0.922886
  147    0.918485
  148    0.906621
  149    0.903483
  150    0.780597
  151    0.959051
  152    0.839801
  153    0.535017
  154    0.766621
  155    0.995477
  156    0.884215
  157    0.905925
  158    0.889718
  159    0.943615
  160    0.897181
  161    0.906351
  162    0.894527
  163    0.896075
  164    0.973466
  165    0.643781
  166    0.784713
  167    0.637987
  168    0.711798
  169    0.796020
  170    0.459701
  171    0.305970
  172    0.502488
  173    0.058043
  174    0.189055
  175    0.250565
  176    0.421804
  177    0.692648
  178    0.410092
  179    0.298890
  180    0.498010
  181    0.644900
  182    0.690299
  183    0.827919
  184    0.656219
  185    0.817730
  186    0.818408
  187    0.923112
  188    0.944942
  189    0.906829
  190    0.980721
  191    0.992537
  192    0.983298
  193    0.953566
  194    0.922659
  195    0.978569
  196    0.910448
  197    0.997015
  198    0.962008
  199    0.780642
  200    0.523632
  201    0.523099
  202    0.535892
  203    0.807297
  204    0.576009
  205    0.612562
  206    0.837687
  207    0.563847
  208    0.936429
  209    0.990050
  210    0.700166
  211    1.000000
  212    0.850036
  213    0.945274
  214    0.778192
  215    0.978109
  216    1.000000
  217    0.998342
  218    0.998342
  219    0.985075
  220    0.865672
  221    0.879491
  222    0.861111
  223    0.952322
  224    0.876793
  225    0.950249
  226    0.869936
  227    0.919154
  228    0.919776
  229    0.849981
  230    0.666667
  231    0.737424
  232    0.860697
  233    0.676064
  234    0.693201
  235    0.985075
  236    0.978109
  237    1.000000
  238    0.887231
  239    1.000000
  240    0.942510
  241    0.999005
  242    0.891904
  243    0.932007
  244    0.837178
  245    0.818634
  246    0.850746
  247    0.915040
  248    0.900045
  249    1.000000
  250    0.963516
  251    0.755224
  252    0.925373
  253    0.989055
  254    0.906578
  255    0.995477
  256    0.769096
  257    0.911213
  258    0.832504
  259    0.902156
  260    0.889643
  261    0.951575
  262    0.971926
  263    0.965174
  264    0.992537
  265    0.979195
  266    0.921020
  267    0.916086
  268    0.862118
  269    0.585534
  270    0.789386
  271    0.587687
  272    0.784156
  273    0.879692
  274    0.531628
  275    0.788783
  276    0.987562
  277    0.997512
  278    0.835199
  279    0.995688
  280    0.990815
  281    0.946630
  282    0.592751
  283    0.995522
  284    0.834044
  285    0.864141
  286    0.811443
  287    0.707711
  288    0.568159
  289    0.829424
  290    0.935323
  291    0.700387
  292    0.877114
  293    0.882255
  294    0.903607
  295    0.464345
  296    0.775215
  297    0.718331
  298    0.692899
  299    0.901493
  300    0.744847
  301    0.724837
  302    0.833142
  303    0.769613
  304    0.962495
  305    0.876244
  306    0.837811
  307    0.868385
  308    0.825871
  309    0.791045
  310    0.525373
  311    0.817910
  312    0.714760
  313    0.662687
  314    0.933665
  315    0.823383
  316    0.738128
  317    0.876036
  318    0.681592
  319    0.972360
  320    0.916008
  321    0.625556
  322    0.997015
  323    0.920709
  324    0.828773
  325    0.567164
  326    0.839690
  327    0.897388
  328    0.515755
  329    0.742004
  330    0.799929
  331    0.662596
  332    0.742399
  333    0.559127
  334    0.444776
  335    0.361629
  336    0.772803
  337    0.519403
  338    0.582090
  339    0.821891
  340    0.919154
  341    0.523536
  342    0.800230
  343    0.875267
  344    0.590381
  345    0.816418
  346    0.857983
  347    0.911514
  348    0.814925
  349    0.934218
  350    0.870194
  351    0.939055
  352    0.521559
  353    0.782753
  354    0.489694
  355    0.930970
  356    0.912935
  357    0.811940
  358    0.944279
  359    0.795025
  360    0.901854
  361    0.834650
  362    0.838308
  363    0.707825
  364    0.822554
  365    0.755864
  366    0.574627
  367    0.741791
  368    0.805970
  369    0.509453
  370    0.189884
