    1    0.614428
    2    0.575249
    3    0.157546
    4    0.370647
    5    0.513682
    6    0.761747
    7    0.949834
    8    0.845771
    9    0.902028
   10    0.858078
   11    0.853400
   12    0.573798
   13    0.733831
   14    0.352523
   15    0.748756
   16    0.883311
   17    0.845357
   18    0.805970
   19    0.987562
   20    0.933191
   21    0.804104
   22    0.593905
   23    0.903559
   24    0.963930
   25    0.729211
   26    0.594301
   27    0.944508
   28    0.997512
   29    0.552239
   30    0.681592
   31    0.986070
   32    0.526119
   33    0.889442
   34    0.794154
   35    0.943917
   36    0.702598
   37    0.983831
   38    0.555857
   39    0.717662
   40    0.883085
   41    0.374943
   42    0.478441
   43    0.594527
   44    0.376036
   45    0.516702
   46    0.731343
   47    0.907649
   48    0.884950
   49    0.754229
   50    0.831841
   51    0.733333
   52    0.577114
   53    0.585075
   54    0.674406
   55    0.540479
   56    0.774129
   57    0.865174
   58    0.910092
   59    0.931496
   60    0.898010
   61    0.812367
   62    0.758052
   63    0.668159
   64    0.941957
   65    0.742537
   66    0.610282
   67    0.954947
   68    0.909950
   69    0.862562
   70    0.967470
   71    0.841418
   72    0.641238
   73    0.986733
   74    0.763682
   75    0.888474
   76    0.990050
   77    0.779436
   78    0.446103
   79    0.703980
   80    0.630597
   81    0.518905
   82    0.521677
   83    0.912935
   84    0.651741
   85    0.704809
   86    0.578358
   87    0.717247
   88    0.661692
   89    0.920850
   90    0.756219
   91    0.612769
   92    0.873964
   93    0.968284
   94    0.834826
   95    0.778109
   96    0.771808
   97    0.917719
   98    0.624689
   99    0.786381
  100    0.794598
  101    0.552239
  102    0.488919
  103    0.896352
  104    0.919813
  105    0.887065
  106    0.837654
  107    0.903559
  108    0.998673
  109    0.996130
  110    0.849641
  111    0.794085
  112    0.990464
  113    0.853234
  114    0.990050
  115    0.998223
  116    0.934992
  117    0.948827
  118    0.946932
  119    0.759536
  120    0.746269
  121    0.978234
  122    0.802985
  123    1.000000
  124    0.605307
  125    0.768035
  126    0.995647
  127    0.787728
  128    0.836650
  129    0.945550
  130    0.961857
  131    0.799337
  132    0.938226
  133    0.824005
  134    0.838308
  135    0.927861
  136    0.939846
  137    0.754561
  138    0.613930
  139    0.975124
  140    0.740050
  141    0.955224
  142    0.559204
  143    1.000000
  144    0.988391
  145    0.888060
  146    0.883085
  147    0.987148
  148    0.930763
  149    0.907027
  150    0.867330
  151    0.818719
  152    0.623421
  153    0.488557
  154    0.728630
  155    0.968618
  156    0.940299
  157    0.856136
  158    0.810945
  159    0.979270
  160    0.845439
  161    0.904146
  162    0.758706
  163    0.854063
  164    0.828358
  165    0.730891
  166    0.914594
  167    0.805259
  168    0.912709
  169    0.900498
  170    0.612935
  171    0.570007
  172    0.660448
  173    0.265814
  174    0.636816
  175    0.588308
  176    0.734107
  177    0.798507
  178    0.562189
  179    0.439801
  180    0.663682
  181    0.859792
  182    0.676617
  183    0.868891
  184    0.996683
  185    0.894030
  186    0.803980
  187    0.880597
  188    0.934257
  189    0.917413
  190    0.873134
  191    0.804312
  192    0.902819
  193    0.975124
  194    0.966667
  195    0.950631
  196    0.886125
  197    1.000000
  198    0.873134
  199    0.779285
  200    0.417910
  201    0.530680
  202    0.911692
  203    0.780384
  204    0.641480
  205    0.879602
  206    0.698383
  207    0.598010
  208    0.996269
  209    0.942431
  210    0.725198
  211    0.997512
  212    0.788202
  213    0.997789
  214    0.983582
  215    0.979104
  216    0.999171
  217    0.990405
  218    0.838930
  219    0.870647
  220    0.997512
  221    0.970771
  222    0.999502
  223    0.980100
  224    0.981343
  225    0.997512
  226    0.927505
  227    0.848259
  228    0.886194
  229    0.751955
  230    0.534328
  231    0.756219
  232    0.838619
  233    0.615810
  234    0.785359
  235    0.839439
  236    0.936318
  237    0.990050
  238    0.885572
  239    0.940299
  240    0.908237
  241    0.975124
  242    0.999005
  243    0.995854
  244    0.983085
  245    0.882463
  246    0.778331
  247    0.930704
  248    0.967888
  249    0.966418
  250    0.963261
  251    0.788557
  252    0.410448
  253    0.769012
  254    0.828856
  255    0.974295
  256    0.847903
  257    0.867585
  258    0.936371
  259    0.917336
  260    0.934328
  261    0.965529
  262    0.941365
  263    0.989284
  264    0.906183
  265    0.959784
  266    0.935323
  267    0.840211
  268    0.835821
  269    0.526598
  270    0.612493
  271    0.668799
  272    0.823798
  273    0.783085
  274    0.689884
  275    0.863806
  276    0.836816
  277    0.770379
  278    0.966833
  279    0.988628
  280    0.976190
  281    0.784826
  282    0.423438
  283    0.927182
  284    0.860314
  285    0.752414
  286    0.772049
  287    0.711443
  288    0.478607
  289    0.767275
  290    0.836132
  291    0.848259
  292    0.802804
  293    0.887704
  294    0.680100
  295    0.446340
  296    0.898286
  297    0.597780
  298    0.468044
  299    0.660644
  300    0.670398
  301    0.930801
  302    0.928539
  303    0.901741
  304    0.953693
  305    0.863806
  306    0.673774
  307    0.684080
  308    0.658789
  309    0.653731
  310    0.502488
  311    0.644853
  312    0.793035
  313    0.477612
  314    0.628856
  315    0.791045
  316    0.902985
  317    0.836532
  318    0.825160
  319    0.957988
  320    0.971571
  321    0.806326
  322    0.999005
  323    0.938640
  324    0.871476
  325    0.544421
  326    0.935323
  327    0.972281
  328    0.520398
  329    0.871642
  330    0.907546
  331    0.761194
  332    0.931343
  333    0.861845
  334    0.735075
  335    0.483831
  336    0.851651
  337    0.473190
  338    0.716418
  339    0.929583
  340    0.815506
  341    0.793177
  342    0.866086
  343    0.963261
  344    0.678275
  345    0.951354
  346    0.807501
  347    0.773501
  348    0.674808
  349    0.883914
  350    0.860697
  351    0.745771
  352    0.495025
  353    0.733002
  354    0.550580
  355    0.787175
  356    0.848259
  357    0.849751
  358    0.993035
  359    0.752239
  360    0.854478
  361    0.934328
  362    0.841507
  363    0.855224
  364    0.901854
  365    0.854573
  366    0.993367
  367    0.591211
  368    0.837598
  369    0.698383
  370    0.523217
