    1    0.671953
    2    0.731343
    3    0.150912
    4    0.271500
    5    0.613806
    6    0.783582
    7    0.981521
    8    0.779738
    9    0.973051
   10    0.872968
   11    0.910448
   12    0.863410
   13    0.691542
   14    0.443892
   15    0.794663
   16    0.947485
   17    0.900950
   18    0.816631
   19    0.847193
   20    0.942075
   21    0.970149
   22    0.718550
   23    0.965174
   24    0.958955
   25    0.873490
   26    0.667164
   27    0.983416
   28    0.988391
   29    0.680348
   30    0.736318
   31    0.985075
   32    0.728027
   33    0.871200
   34    0.937189
   35    0.936680
   36    0.715589
   37    0.866224
   38    0.648977
   39    0.960910
   40    0.997015
   41    0.331343
   42    0.699360
   43    0.998191
   44    0.633650
   45    0.567164
   46    0.742537
   47    0.873964
   48    0.954602
   49    0.781095
   50    0.684080
   51    0.824627
   52    0.623134
   53    0.362473
   54    0.557214
   55    0.690299
   56    0.909204
   57    0.852239
   58    0.927695
   59    0.947187
   60    0.979744
   61    0.957090
   62    0.793221
   63    0.801617
   64    0.902630
   65    0.694256
   66    0.718076
   67    0.998342
   68    0.775622
   69    0.856274
   70    1.000000
   71    0.800373
   72    0.434909
   73    0.996683
   74    0.995025
   75    0.902570
   76    0.917081
   77    0.975835
   78    0.612651
   79    0.819365
   80    0.798863
   81    0.898010
   82    0.934080
   83    0.665008
   84    1.000000
   85    0.979547
   86    0.856274
   87    0.990050
   88    0.729353
   89    0.968657
   90    0.876617
   91    0.669776
   92    0.730790
   93    0.771697
   94    0.978569
   95    0.368657
   96    0.556882
   97    0.972637
   98    0.655951
   99    0.706468
  100    0.388060
  101    0.223881
  102    0.580846
  103    0.978290
  104    0.882938
  105    0.896427
  106    0.978051
  107    0.927446
  108    0.987396
  109    0.789236
  110    0.909277
  111    0.664061
  112    0.937620
  113    0.950249
  114    0.962687
  115    0.941294
  116    0.998223
  117    0.965885
  118    0.999095
  119    0.965174
  120    0.807629
  121    0.815920
  122    0.818905
  123    0.438522
  124    0.541294
  125    0.809524
  126    0.868385
  127    0.839967
  128    0.969320
  129    0.930056
  130    0.928690
  131    0.674751
  132    0.900498
  133    0.887704
  134    0.944030
  135    0.750415
  136    0.907734
  137    0.703151
  138    0.471808
  139    0.839891
  140    0.631288
  141    0.930348
  142    0.454395
  143    0.686567
  144    0.981758
  145    0.781095
  146    0.941791
  147    0.868159
  148    0.962878
  149    0.923842
  150    0.997868
  151    0.967470
  152    0.780100
  153    0.500000
  154    0.903340
  155    0.603412
  156    0.865219
  157    0.861601
  158    0.872305
  159    0.941542
  160    0.949183
  161    0.893864
  162    0.833333
  163    1.000000
  164    0.820896
  165    0.761194
  166    0.862053
  167    0.771476
  168    0.666978
  169    0.931012
  170    0.937456
  171    0.384743
  172    0.479270
  173    0.194030
  174    0.242123
  175    0.401176
  176    0.542999
  177    0.784411
  178    0.692040
  179    0.393532
  180    0.613184
  181    0.927363
  182    0.805066
  183    0.812701
  184    0.802239
  185    0.934328
  186    0.798010
  187    0.981205
  188    0.944563
  189    0.985572
  190    0.965885
  191    0.784411
  192    0.926795
  193    0.997512
  194    0.803483
  195    0.982396
  196    0.946517
  197    0.996020
  198    0.946932
  199    0.918740
  200    0.422175
  201    0.582919
  202    0.670647
  203    0.896588
  204    0.836650
  205    0.633973
  206    0.717040
  207    0.613930
  208    0.945826
  209    0.992893
  210    0.571310
  211    1.000000
  212    0.871476
  213    0.952736
  214    0.901854
  215    0.982090
  216    1.000000
  217    0.969486
  218    0.845149
  219    0.970149
  220    0.862118
  221    0.913212
  222    0.921755
  223    0.989221
  224    0.940609
  225    0.991294
  226    0.966705
  227    0.833167
  228    0.915423
  229    0.871061
  230    0.574903
  231    0.710448
  232    0.912106
  233    0.724876
  234    0.796642
  235    0.992537
  236    0.969154
  237    0.913765
  238    0.930348
  239    0.992537
  240    0.989428
  241    0.991045
  242    0.993035
  243    0.998010
  244    0.999447
  245    0.770692
  246    0.845771
  247    0.914712
  248    0.894279
  249    1.000000
  250    0.999585
  251    0.707090
  252    0.696517
  253    0.928358
  254    0.889055
  255    0.984660
  256    0.832172
  257    0.919569
  258    0.910448
  259    0.874556
  260    0.841701
  261    0.948383
  262    0.957711
  263    0.906621
  264    0.938166
  265    0.986431
  266    0.986940
  267    0.884506
  268    1.000000
  269    0.740741
  270    0.942786
  271    0.711443
  272    0.771144
  273    0.835323
  274    0.990050
  275    0.797886
  276    0.990050
  277    0.845357
  278    0.810945
  279    0.997868
  280    0.963397
  281    0.858435
  282    0.657546
  283    0.954319
  284    0.865672
  285    0.857048
  286    0.753234
  287    0.737562
  288    0.620398
  289    0.902630
  290    0.966240
  291    0.927505
  292    0.861601
  293    0.822426
  294    0.882090
  295    0.523217
  296    0.802804
  297    0.706823
  298    0.601990
  299    0.955224
  300    0.870647
  301    0.860244
  302    0.889643
  303    0.833142
  304    0.962113
  305    0.840796
  306    0.752239
  307    0.938037
  308    0.829941
  309    0.722388
  310    0.546269
  311    0.954118
  312    0.816750
  313    0.740050
  314    0.798507
  315    0.845771
  316    0.924820
  317    0.874091
  318    0.763682
  319    0.959093
  320    0.977923
  321    0.671973
  322    0.998010
  323    0.997321
  324    0.923564
  325    0.510306
  326    0.938433
  327    0.997868
  328    0.642939
  329    0.703980
  330    0.722388
  331    1.000000
  332    0.759259
  333    0.753957
  334    0.508085
  335    0.514925
  336    0.858706
  337    0.562742
  338    0.638682
  339    0.859931
  340    0.753376
  341    0.696517
  342    0.896879
  343    0.985075
  344    0.656716
  345    0.814925
  346    0.897512
  347    0.874295
  348    0.794527
  349    0.830348
  350    0.926866
  351    0.807629
  352    0.608955
  353    0.741294
  354    0.679602
  355    0.773908
  356    0.953980
  357    0.996269
  358    0.973134
  359    0.731343
  360    0.859792
  361    0.945274
  362    0.890547
  363    0.969527
  364    0.949143
  365    0.758898
  366    0.995025
  367    0.620081
  368    0.887486
  369    0.524876
  370    0.382463
