# time (ns)  #native #non-native
   0.0000    2013.0000       0.0000
   0.0010    2012.0000     103.0000
   0.0020    2008.0000     158.0000
   0.0030    2006.0000     194.0000
   0.0040    2005.0000     222.0000
   0.0050    2000.0000     244.0000
   0.0060    1998.0000     260.0000
   0.0070    2001.0000     277.0000
   0.0080    2000.0000     283.0000
   0.0090    1997.0000     297.0000
   0.0100    2000.0000     302.0000
   0.0110    1998.0000     311.0000
   0.0120    1998.0000     329.0000
   0.0130    1999.0000     336.0000
   0.0140    2001.0000     345.0000
   0.0150    2000.0000     352.0000
   0.0160    1997.0000     359.0000
   0.0170    1997.0000     367.0000
   0.0180    1998.0000     372.0000
   0.0190    1998.0000     373.0000
   0.0200    1997.0000     376.0000
   0.0210    1998.0000     387.0000
   0.0220    1998.0000     395.0000
   0.0230    1997.0000     404.0000
   0.0240    1996.0000     413.0000
   0.0250    1996.0000     418.0000
   0.0260    1997.0000     412.0000
   0.0270    1997.0000     413.0000
   0.0280    1997.0000     416.0000
   0.0290    1997.0000     421.0000
   0.0300    1996.0000     421.0000
   0.0310    1997.0000     423.0000
   0.0320    1997.0000     429.0000
   0.0330    1997.0000     439.0000
   0.0340    1997.0000     442.0000
   0.0350    1999.0000     441.0000
   0.0360    2000.0000     445.0000
   0.0370    2001.0000     448.0000
   0.0380    2000.0000     450.0000
   0.0390    2001.0000     454.0000
   0.0400    1999.0000     451.0000
   0.0410    1997.0000     459.0000
   0.0420    1996.0000     458.0000
   0.0430    1997.0000     461.0000
   0.0440    1995.0000     461.0000
   0.0450    1993.0000     462.0000
   0.0460    1993.0000     463.0000
   0.0470    1992.0000     466.0000
   0.0480    1993.0000     466.0000
   0.0490    1993.0000     469.0000
   0.0500    1994.0000     473.0000
   0.0510    1994.0000     474.0000
   0.0520    1994.0000     475.0000
   0.0530    1993.0000     479.0000
   0.0540    1993.0000     480.0000
   0.0550    1994.0000     477.0000
   0.0560    1995.0000     483.0000
   0.0570    1996.0000     485.0000
   0.0580    1995.0000     484.0000
   0.0590    1996.0000     478.0000
   0.0600    1996.0000     479.0000
   0.0610    1996.0000     477.0000
   0.0620    1995.0000     478.0000
   0.0630    1995.0000     480.0000
   0.0640    1994.0000     479.0000
   0.0650    1993.0000     482.0000
   0.0660    1995.0000     482.0000
   0.0670    1995.0000     485.0000
   0.0680    1997.0000     488.0000
   0.0690    1997.0000     489.0000
   0.0700    1996.0000     492.0000
   0.0710    1996.0000     490.0000
   0.0720    1995.0000     494.0000
   0.0730    1995.0000     494.0000
   0.0740    1994.0000     500.0000
   0.0750    1993.0000     499.0000
   0.0760    1993.0000     497.0000
   0.0770    1993.0000     499.0000
   0.0780    1995.0000     497.0000
   0.0790    1995.0000     495.0000
   0.0800    1995.0000     497.0000
   0.0810    1995.0000     494.0000
   0.0820    1994.0000     494.0000
   0.0830    1994.0000     495.0000
   0.0840    1995.0000     495.0000
   0.0850    1994.0000     497.0000
   0.0860    1994.0000     499.0000
   0.0870    1996.0000     504.0000
   0.0880    1996.0000     508.0000
   0.0890    1996.0000     508.0000
   0.0900    1995.0000     508.0000
   0.0910    1993.0000     510.0000
   0.0920    1993.0000     515.0000
   0.0930    1992.0000     508.0000
   0.0940    1992.0000     506.0000
   0.0950    1991.0000     510.0000
   0.0960    1990.0000     511.0000
   0.0970    1991.0000     514.0000
   0.0980    1987.0000     501.0000
   0.0990    1982.0000     494.0000
   0.1000    1977.0000     501.0000
   0.1010    1970.0000     500.0000
   0.1020    1971.0000     495.0000
   0.1030    1971.0000     501.0000
   0.1040    1969.0000     508.0000
   0.1050    1969.0000     504.0000
   0.1060    1967.0000     503.0000
   0.1070    1966.0000     506.0000
   0.1080    1962.0000     510.0000
   0.1090    1961.0000     514.0000
   0.1100    1964.0000     514.0000
   0.1110    1963.0000     514.0000
   0.1120    1963.0000     513.0000
   0.1130    1962.0000     515.0000
   0.1140    1958.0000     519.0000
   0.1150    1959.0000     522.0000
   0.1160    1959.0000     522.0000
   0.1170    1959.0000     522.0000
   0.1180    1960.0000     526.0000
   0.1190    1961.0000     524.0000
   0.1200    1962.0000     526.0000
   0.1210    1961.0000     525.0000
   0.1220    1961.0000     527.0000
   0.1230    1958.0000     527.0000
   0.1240    1957.0000     526.0000
   0.1250    1957.0000     527.0000
   0.1260    1958.0000     528.0000
   0.1270    1959.0000     530.0000
   0.1280    1960.0000     531.0000
   0.1290    1961.0000     533.0000
   0.1300    1963.0000     533.0000
   0.1310    1961.0000     537.0000
   0.1320    1956.0000     540.0000
   0.1330    1955.0000     540.0000
   0.1340    1955.0000     540.0000
   0.1350    1955.0000     540.0000
   0.1360    1958.0000     544.0000
   0.1370    1951.0000     540.0000
   0.1380    1951.0000     543.0000
   0.1390    1949.0000     549.0000
   0.1400    1948.0000     548.0000
   0.1410    1947.0000     556.0000
   0.1420    1947.0000     554.0000
   0.1430    1947.0000     555.0000
   0.1440    1946.0000     556.0000
   0.1450    1949.0000     557.0000
   0.1460    1949.0000     557.0000
   0.1470    1948.0000     554.0000
   0.1480    1948.0000     553.0000
   0.1490    1950.0000     556.0000
   0.1500    1948.0000     551.0000
   0.1510    1952.0000     551.0000
   0.1520    1955.0000     553.0000
   0.1530    1954.0000     550.0000
   0.1540    1954.0000     552.0000
   0.1550    1952.0000     549.0000
   0.1560    1953.0000     551.0000
   0.1570    1953.0000     551.0000
   0.1580    1953.0000     548.0000
   0.1590    1953.0000     551.0000
   0.1600    1953.0000     553.0000
   0.1610    1954.0000     557.0000
   0.1620    1954.0000     559.0000
   0.1630    1956.0000     553.0000
   0.1640    1955.0000     544.0000
   0.1650    1955.0000     543.0000
   0.1660    1956.0000     540.0000
   0.1670    1955.0000     542.0000
   0.1680    1955.0000     546.0000
   0.1690    1954.0000     549.0000
   0.1700    1957.0000     557.0000
   0.1710    1956.0000     561.0000
   0.1720    1955.0000     561.0000
   0.1730    1955.0000     560.0000
   0.1740    1953.0000     557.0000
   0.1750    1954.0000     555.0000
   0.1760    1957.0000     551.0000
   0.1770    1961.0000     546.0000
   0.1780    1960.0000     548.0000
   0.1790    1959.0000     550.0000
   0.1800    1959.0000     556.0000
   0.1810    1957.0000     552.0000
   0.1820    1957.0000     553.0000
   0.1830    1957.0000     552.0000
   0.1840    1958.0000     552.0000
   0.1850    1958.0000     555.0000
   0.1860    1958.0000     556.0000
   0.1870    1958.0000     560.0000
   0.1880    1957.0000     559.0000
   0.1890    1955.0000     565.0000
   0.1900    1956.0000     569.0000
   0.1910    1957.0000     563.0000
   0.1920    1958.0000     562.0000
   0.1930    1960.0000     562.0000
   0.1940    1960.0000     562.0000
   0.1950    1959.0000     566.0000
   0.1960    1960.0000     565.0000
   0.1970    1960.0000     569.0000
   0.1980    1960.0000     572.0000
   0.1990    1958.0000     573.0000
   0.2000    1959.0000     573.0000
