    1    0.153234
    2    0.203047
    3    0.427308
    4    0.424307
    5    0.884577
    6    0.620986
    7    0.991198
    8    0.705224
    9    0.910862
   10    0.898507
   11    0.975890
   12    0.628287
   13    0.697761
   14    0.405749
   15    0.807076
   16    0.966833
   17    0.961556
   18    0.743426
   19    0.863806
   20    0.923596
   21    0.963516
   22    0.742715
   23    0.885572
   24    0.884328
   25    0.747690
   26    0.597015
   27    0.922886
   28    0.738530
   29    0.514925
   30    0.583748
   31    0.797125
   32    0.800995
   33    0.867745
   34    0.682421
   35    0.849502
   36    0.998756
   37    0.840796
   38    0.842928
   39    0.846482
   40    0.997015
   41    0.222886
   42    0.353234
   43    0.988806
   44    0.585708
   45    0.551617
   46    0.853589
   47    0.929685
   48    0.916667
   49    0.643449
   50    0.991471
   51    0.977612
   52    0.903483
   53    0.532338
   54    0.390271
   55    0.568586
   56    0.856432
   57    0.886678
   58    0.917496
   59    0.971393
   60    0.976901
   61    0.916301
   62    0.894196
   63    0.982942
   64    0.925373
   65    0.800995
   66    0.611940
   67    0.981758
   68    0.935323
   69    0.963308
   70    0.918325
   71    0.840796
   72    0.696517
   73    0.983416
   74    0.996683
   75    0.972222
   76    0.916252
   77    0.931770
   78    0.733333
   79    0.794211
   80    0.981521
   81    0.992814
   82    0.973134
   83    0.917910
   84    0.517413
   85    0.959646
   86    0.872858
   87    0.853731
   88    0.766667
   89    0.833107
   90    0.797512
   91    0.772803
   92    0.493442
   93    0.798784
   94    0.917910
   95    0.518834
   96    0.789386
   97    0.997512
   98    0.830846
   99    0.780265
  100    0.368988
  101    0.000000
  102    0.698383
  103    0.974220
  104    0.915130
  105    0.894970
  106    0.971320
  107    0.965174
  108    0.911381
  109    0.895522
  110    0.959906
  111    0.825318
  112    0.960910
  113    0.864566
  114    0.969439
  115    0.892303
  116    0.942952
  117    0.947595
  118    0.999548
  119    0.993035
  120    0.724710
  121    0.885572
  122    0.886678
  123    1.000000
  124    0.687811
  125    0.937313
  126    0.928358
  127    0.722104
  128    0.975124
  129    0.916470
  130    0.972637
  131    0.738451
  132    0.968236
  133    0.906894
  134    0.876866
  135    0.825418
  136    0.945726
  137    0.670813
  138    0.976783
  139    0.964069
  140    0.581537
  141    0.955224
  142    0.450746
  143    0.995025
  144    0.974572
  145    0.976230
  146    0.869154
  147    0.946804
  148    0.975124
  149    0.927695
  150    0.794030
  151    0.929200
  152    0.654907
  153    0.500829
  154    0.688060
  155    0.998643
  156    0.900498
  157    0.861940
  158    0.846600
  159    0.914179
  160    0.976901
  161    0.936982
  162    0.625961
  163    0.899392
  164    0.977612
  165    0.677170
  166    0.669728
  167    0.718466
  168    0.804193
  169    0.824700
  170    0.714428
  171    0.414594
  172    0.491542
  173    0.014925
  174    0.169154
  175    0.251244
  176    0.541045
  177    0.651741
  178    0.455935
  179    0.436705
  180    0.547264
  181    0.805141
  182    0.734962
  183    0.936389
  184    0.996683
  185    0.835406
  186    0.988391
  187    0.771559
  188    0.913433
  189    0.935323
  190    0.963930
  191    0.965796
  192    0.946695
  193    0.882018
  194    0.855721
  195    0.972063
  196    0.915976
  197    0.999005
  198    0.964722
  199    0.862687
  200    0.560697
  201    0.512438
  202    0.676617
  203    0.897436
  204    0.772210
  205    0.605307
  206    0.826493
  207    0.558043
  208    0.950802
  209    0.871752
  210    0.696794
  211    0.674959
  212    0.765458
  213    0.935821
  214    0.748182
  215    0.997015
  216    1.000000
  217    0.964863
  218    0.852405
  219    0.971393
  220    0.994196
  221    0.880597
  222    0.999502
  223    0.970978
  224    0.994693
  225    0.992952
  226    0.928216
  227    0.782338
  228    0.883706
  229    0.944508
  230    0.868891
  231    0.957090
  232    0.995025
  233    0.923881
  234    0.824765
  235    0.808232
  236    0.803483
  237    0.885572
  238    0.919403
  239    0.980100
  240    0.959093
  241    1.000000
  242    1.000000
  243    0.999005
  244    1.000000
  245    0.840344
  246    0.799889
  247    0.890216
  248    0.999005
  249    1.000000
  250    1.000000
  251    0.693201
  252    0.840796
  253    0.836650
  254    0.888557
  255    0.997739
  256    0.774565
  257    0.852523
  258    0.867330
  259    0.885572
  260    0.858887
  261    0.975124
  262    0.973703
  263    0.946517
  264    0.995439
  265    0.962913
  266    0.964241
  267    0.960554
  268    0.981758
  269    0.796020
  270    0.811774
  271    0.253731
  272    0.677000
  273    0.983969
  274    0.588060
  275    0.681592
  276    0.987839
  277    0.987562
  278    0.767275
  279    0.991827
  280    0.993111
  281    0.958390
  282    0.682421
  283    0.959294
  284    0.920398
  285    0.906621
  286    0.835821
  287    0.845060
  288    0.689884
  289    0.848614
  290    0.989284
  291    0.961443
  292    0.860199
  293    0.837734
  294    0.971642
  295    0.612651
  296    0.963817
  297    0.877754
  298    0.858209
  299    0.933191
  300    0.847580
  301    0.911805
  302    0.875622
  303    0.943615
  304    0.942212
  305    0.915423
  306    0.815920
  307    0.992261
  308    0.902985
  309    0.794030
  310    0.793035
  311    0.973259
  312    0.554726
  313    0.759204
  314    0.983416
  315    0.991708
  316    0.894970
  317    0.901327
  318    0.799005
  319    0.925373
  320    0.916008
  321    0.636484
  322    0.998010
  323    0.998086
  324    0.855721
  325    0.443497
  326    0.865050
  327    0.843905
  328    0.448072
  329    0.680037
  330    0.742952
  331    0.716418
  332    0.779046
  333    0.566453
  334    0.777985
  335    0.420564
  336    0.853234
  337    0.676064
  338    0.744136
  339    0.832623
  340    0.775409
  341    0.593532
  342    0.923715
  343    0.960199
  344    0.638948
  345    0.950802
  346    0.863599
  347    0.898365
  348    0.715513
  349    0.856274
  350    0.975622
  351    0.906716
  352    0.486733
  353    0.839138
  354    0.566335
  355    0.785517
  356    0.983416
  357    0.875170
  358    0.959204
  359    0.704478
  360    0.894618
  361    0.918977
  362    0.904643
  363    0.820343
  364    0.921393
  365    0.829698
  366    0.998342
  367    0.589967
  368    0.898010
  369    0.624733
  370    0.280818
